  0      1.154      6.511      3.604   1
  1      1.155      1.999      1.802   1
  2      3.612      2.254      3.604   1
  3      3.608      6.255      1.802   1
  4      0.149      4.255      0.000   1
  5      2.606     -0.001     -0.000   1
  6      1.675      7.890      4.246   0
  7      1.677      0.621      1.160   0
  8      4.131      3.635      4.246   0
  9      2.158      6.016      2.444   0
  10      1.079      3.116      0.642   0
  11      4.134      4.876      1.160   0
  12      1.080      5.396     -0.641   0
  13      2.157      2.493      2.961   0
  14      3.539      7.369      0.641   0
  15      4.615      6.748      2.961   0
  16      4.614      1.762      2.443   0
  17      3.538      1.141     -0.642   0
  18      1.154      6.510      9.007   1
  19      1.154      2.000      7.207   1
  20      3.610      2.256      9.008   1
  21      3.611      6.255      7.208   1
  22      0.148      4.255      5.406   1
  23      2.604     -0.000      5.404   1
  24      1.674      7.888      9.649   0
  25      1.674      0.621      6.566   0
  26      4.132      3.635      9.652   0
  27      2.155      6.016      7.850   0
  28      1.079      3.113      6.047   0
  29      4.133      4.878      6.564   0
  30      1.081      5.396      4.763   0
  31      2.159      2.494      8.366   0
  32      3.538      7.369      6.048   0
  33      4.615      6.748      8.366   0
  34      4.612      1.761      7.849   0
  35      3.537      1.140      4.764   0
  36      1.155      6.511     14.413   1
  37      1.154      2.001     12.612   1
  38      3.613      2.256     14.416   1
  39      3.612      6.254     12.612   1
  40      0.149      4.256     10.810   1
  41      2.603     -0.002     10.810   1
  42      1.676      7.890     15.056   0
  43      1.676      0.623     11.970   0
  44      4.131      3.633     15.057   0
  45      2.156      6.019     13.253   0
  46      1.080      3.114     11.452   0
  47      4.133      4.876     11.971   0
  48      1.081      5.397     10.169   0
  49      2.159      2.494     13.770   0
  50      3.538      7.369     11.452   0
  51      4.614      6.749     13.774   0
  52      4.614      1.761     13.253   0
  53      3.535      1.142     10.167   0
  54      1.154      6.511     19.820   1
  55      1.156      1.998     18.017   1
  56      3.612      2.255     19.819   1
  57      3.610      6.254     18.016   1
  58      0.148      4.255     16.215   1
  59      2.605     -0.000     16.216   1
  60      1.675      7.888     20.460   0
  61      1.677      0.620     17.377   0
  62      4.133      3.634     20.461   0
  63      2.156      6.018     18.660   0
  64      1.079      3.114     16.857   0
  65      4.132      4.876     17.376   0
  66      1.081      5.396     15.574   0
  67      2.156      2.495     19.178   0
  68      3.537      7.368     16.857   0
  69      4.614      6.749     19.178   0
  70      4.615      1.762     18.659   0
  71      3.537      1.143     15.572   0
  72      1.153     15.021      3.603   1
  73      1.154     10.509      1.802   1
  74      3.611     10.767      3.604   1
  75      3.609     14.764      1.801   1
  76      0.150     12.766     -0.001   1
  77      2.605      8.512     -0.001   1
  78      1.676     16.400      4.246   0
  79      1.677      9.131      1.161   0
  80      4.132     12.144      4.246   0
  81      2.157     14.527      2.445   0
  82      1.079     11.625      0.640   0
  83      4.133     13.386      1.160   0
  84      1.081     13.905     -0.641   0
  85      2.158     11.004      2.964   0
  86      3.536     15.879      0.641   0
  87      4.615     15.257      2.960   0
  88      4.615     10.272      2.445   0
  89      3.536      9.649     -0.643   0
  90      1.155     15.022      9.008   1
  91      1.154     10.509      7.207   1
  92      3.611     10.765      9.008   1
  93      3.612     14.765      7.207   1
  94      0.148     12.765      5.405   1
  95      2.605      8.511      5.406   1
  96      1.675     16.398      9.650   0
  97      1.675      9.132      6.565   0
  98      4.133     12.144      9.650   0
  99      2.156     14.528      7.851   0
  100      1.082     11.624      6.047   0
  101      4.133     13.386      6.564   0
  102      1.080     13.907      4.763   0
  103      2.156     11.004      8.367   0
  104      3.538     15.880      6.046   0
  105      4.614     15.259      8.366   0
  106      4.613     10.272      7.846   0
  107      3.536      9.650      4.763   0
  108      1.153     15.021     14.415   1
  109      1.154     10.510     12.613   1
  110      3.613     10.765     14.412   1
  111      3.611     14.765     12.612   1
  112      0.148     12.765     10.810   1
  113      2.605      8.508     10.811   1
  114      1.676     16.398     15.056   0
  115      1.676      9.132     11.971   0
  116      4.133     12.145     15.056   0
  117      2.158     14.527     13.255   0
  118      1.081     11.624     11.451   0
  119      4.133     13.387     11.969   0
  120      1.080     13.907     10.169   0
  121      2.157     11.003     13.771   0
  122      3.539     15.881     11.453   0
  123      4.613     15.259     13.771   0
  124      4.614     10.272     13.254   0
  125      3.538      9.653     10.169   0
  126      1.153     15.021     19.819   1
  127      1.156     10.510     18.019   1
  128      3.610     10.764     19.820   1
  129      3.610     14.764     18.017   1
  130      0.147     12.765     16.216   1
  131      2.605      8.512     16.216   1
  132      1.675     16.401     20.461   0
  133      1.675      9.133     17.376   0
  134      4.134     12.144     20.460   0
  135      2.157     14.527     18.658   0
  136      1.080     11.626     16.858   0
  137      4.133     13.388     17.375   0
  138      1.080     13.906     15.575   0
  139      2.157     11.005     19.177   0
  140      3.538     15.881     16.859   0
  141      4.615     15.261     19.176   0
  142      4.613     10.270     18.659   0
  143      3.536      9.651     15.573   0
  144      1.154     23.531      3.602   1
  145      1.155     19.021      1.803   1
  146      3.611     19.277      3.602   1
  147      3.611     23.274      1.802   1
  148      0.148     21.276     -0.000   1
  149      2.605     17.020     -0.001   1
  150      1.675     24.911      4.245   0
  151      1.674     17.643      1.160   0
  152      4.132     20.653      4.246   0
  153      2.156     23.036      2.443   0
  154      1.083     20.136      0.642   0
  155      4.132     21.899      1.162   0
  156      1.081     22.418     -0.643   0
  157      2.156     19.513      2.960   0
  158      3.538     24.388      0.641   0
  159      4.611     23.769      2.962   0
  160      4.614     18.784      2.444   0
  161      3.537     18.161     -0.643   0
  162      1.155     23.532      9.009   1
  163      1.154     19.021      7.206   1
  164      3.611     19.276      9.007   1
  165      3.612     23.275      7.207   1
  166      0.148     21.277      5.404   1
  167      2.604     17.020      5.405   1
  168      1.676     24.911      9.650   0
  169      1.676     17.642      6.563   0
  170      4.132     20.654      9.651   0
  171      2.158     23.037      7.849   0
  172      1.082     20.136      6.044   0
  173      4.133     21.897      6.564   0
  174      1.080     22.415      4.764   0
  175      2.156     19.515      8.367   0
  176      3.536     24.390      6.046   0
  177      4.613     23.769      8.366   0
  178      4.614     18.783      7.849   0
  179      3.537     18.162      4.763   0
  180      1.154     23.530     14.414   1
  181      1.155     19.020     12.613   1
  182      3.611     19.275     14.413   1
  183      3.610     23.275     12.611   1
  184      0.150     21.274     10.809   1
  185      2.605     17.020     10.809   1
  186      1.679     24.910     15.055   0
  187      1.676     17.642     11.970   0
  188      4.133     20.653     15.057   0
  189      2.155     23.040     13.255   0
  190      1.081     20.136     11.450   0
  191      4.133     21.896     11.972   0
  192      1.080     22.416     10.168   0
  193      2.156     19.514     13.773   0
  194      3.537     24.389     11.452   0
  195      4.616     23.768     13.773   0
  196      4.612     18.782     13.253   0
  197      3.536     18.163     10.171   0
  198      1.156     23.532     19.819   1
  199      1.154     19.017     18.017   1
  200      3.610     19.276     19.817   1
  201      3.612     23.276     18.016   1
  202      0.149     21.277     16.216   1
  203      2.605     17.020     16.216   1
  204      1.678     24.910     20.461   0
  205      1.675     17.640     17.376   0
  206      4.133     20.655     20.460   0
  207      2.159     23.038     18.660   0
  208      1.082     20.133     16.858   0
  209      4.133     21.897     17.376   0
  210      1.083     22.417     15.574   0
  211      2.156     19.512     19.179   0
  212      3.538     24.390     16.857   0
  213      4.614     23.769     19.179   0
  214      4.614     18.782     18.662   0
  215      3.537     18.163     15.574   0
  216      6.068      6.512      3.602   1
  217      6.068      2.000      1.800   1
  218      8.526      2.254      3.605   1
  219      8.526      6.254      1.803   1
  220      5.062      4.256     -0.000   1
  221      7.519      0.000      0.001   1
  222      6.589      7.889      4.244   0
  223      6.590      0.621      1.160   0
  224      9.046      3.633      4.245   0
  225      7.069      6.018      2.442   0
  226      5.994      3.114      0.640   0
  227      9.046      4.876      1.161   0
  228      5.993      5.394     -0.641   0
  229      7.072      2.492      2.963   0
  230      8.452      7.370      0.643   0
  231      9.526      6.747      2.963   0
  232      9.525      1.762      2.444   0
  233      8.450      1.141     -0.643   0
  234      6.067      6.510      9.008   1
  235      6.069      2.000      7.207   1
  236      8.524      2.254      9.009   1
  237      8.523      6.255      7.207   1
  238      5.062      4.255      5.405   1
  239      7.518     -0.000      5.407   1
  240      6.589      7.889      9.650   0
  241      6.590      0.620      6.567   0
  242      9.047      3.635      9.651   0
  243      7.069      6.015      7.848   0
  244      5.996      3.114      6.047   0
  245      9.045      4.878      6.565   0
  246      5.994      5.398      4.762   0
  247      7.071      2.493      8.368   0
  248      8.450      7.367      6.047   0
  249      9.526      6.749      8.366   0
  250      9.527      1.762      7.847   0
  251      8.451      1.140      4.764   0
  252      6.067      6.511     14.414   1
  253      6.067      1.999     12.611   1
  254      8.526      2.255     14.414   1
  255      8.524      6.255     12.611   1
  256      5.064      4.255     10.811   1
  257      7.519      0.001     10.811   1
  258      6.589      7.888     15.056   0
  259      6.589      0.619     11.970   0
  260      9.046      3.634     15.056   0
  261      7.070      6.018     13.253   0
  262      5.994      3.114     11.452   0
  263      9.046      4.877     11.970   0
  264      5.994      5.396     10.170   0
  265      7.069      2.493     13.772   0
  266      8.450      7.370     11.453   0
  267      9.527      6.749     13.771   0
  268      9.527      1.760     13.253   0
  269      8.451      1.140     10.168   0
  270      6.067      6.511     19.819   1
  271      6.068      1.998     18.018   1
  272      8.525      2.255     19.820   1
  273      8.525      6.253     18.018   1
  274      5.060      4.256     16.215   1
  275      7.519      0.000     16.215   1
  276      6.590      7.890     20.461   0
  277      6.589      0.620     17.376   0
  278      9.046      3.635     20.462   0
  279      7.069      6.017     18.658   0
  280      5.994      3.113     16.858   0
  281      9.045      4.876     17.375   0
  282      5.994      5.395     15.575   0
  283      7.070      2.492     19.177   0
  284      8.451      7.369     16.858   0
  285      9.528      6.749     19.176   0
  286      9.527      1.762     18.658   0
  287      8.452      1.140     15.573   0
  288      6.068     15.022      3.604   1
  289      6.069     10.509      1.801   1
  290      8.525     10.767      3.604   1
  291      8.525     14.768      1.800   1
  292      5.062     12.766      0.001   1
  293      7.520      8.511      0.001   1
  294      6.590     16.401      4.246   0
  295      6.588      9.133      1.160   0
  296      9.045     12.143      4.246   0
  297      7.070     14.528      2.444   0
  298      5.993     11.626      0.644   0
  299      9.046     13.387      1.161   0
  300      5.995     13.905     -0.640   0
  301      7.070     11.004      2.964   0
  302      8.452     15.880      0.641   0
  303      9.526     15.258      2.962   0
  304      9.529     10.272      2.441   0
  305      8.451      9.651     -0.641   0
  306      6.068     15.021      9.009   1
  307      6.069     10.511      7.208   1
  308      8.523     10.764      9.010   1
  309      8.524     14.765      7.206   1
  310      5.060     12.765      5.405   1
  311      7.518      8.510      5.406   1
  312      6.590     16.400      9.652   0
  313      6.590      9.133      6.564   0
  314      9.044     12.144      9.650   0
  315      7.070     14.527      7.848   0
  316      5.993     11.623      6.048   0
  317      9.046     13.387      6.566   0
  318      5.995     13.906      4.762   0
  319      7.071     11.004      8.370   0
  320      8.449     15.879      6.045   0
  321      9.528     15.258      8.366   0
  322      9.527     10.272      7.850   0
  323      8.451      9.651      4.763   0
  324      6.068     15.020     14.413   1
  325      6.068     10.510     12.612   1
  326      8.525     10.766     14.414   1
  327      8.524     14.765     12.615   1
  328      5.062     12.767     10.811   1
  329      7.518      8.509     10.810   1
  330      6.589     16.399     15.056   0
  331      6.589      9.130     11.971   0
  332      9.047     12.145     15.055   0
  333      7.068     14.529     13.254   0
  334      5.994     11.625     11.453   0
  335      9.046     13.386     11.971   0
  336      5.996     13.907     10.169   0
  337      7.072     11.003     13.771   0
  338      8.450     15.878     11.453   0
  339      9.527     15.259     13.772   0
  340      9.527     10.272     13.254   0
  341      8.452      9.654     10.169   0
  342      6.068     15.019     19.821   1
  343      6.068     10.510     18.017   1
  344      8.525     10.766     19.818   1
  345      8.525     14.765     18.016   1
  346      5.061     12.767     16.216   1
  347      7.517      8.510     16.216   1
  348      6.588     16.399     20.461   0
  349      6.590      9.131     17.376   0
  350      9.047     12.143     20.462   0
  351      7.068     14.529     18.658   0
  352      5.994     11.625     16.857   0
  353      9.047     13.387     17.377   0
  354      5.994     13.906     15.573   0
  355      7.069     11.003     19.178   0
  356      8.450     15.880     16.857   0
  357      9.527     15.260     19.178   0
  358      9.528     10.272     18.659   0
  359      8.452      9.649     15.574   0
  360      6.068     23.531      3.603   1
  361      6.069     19.019      1.800   1
  362      8.523     19.278      3.603   1
  363      8.523     23.274      1.801   1
  364      5.063     21.276      0.001   1
  365      7.518     17.023     -0.002   1
  366      6.591     24.909      4.246   0
  367      6.590     17.643      1.160   0
  368      9.045     20.654      4.245   0
  369      7.070     23.036      2.444   0
  370      5.993     20.134      0.641   0
  371      9.045     21.895      1.161   0
  372      5.995     22.416     -0.642   0
  373      7.070     19.514      2.961   0
  374      8.450     24.390      0.640   0
  375      9.529     23.767      2.962   0
  376      9.528     18.782      2.443   0
  377      8.452     18.162     -0.641   0
  378      6.068     23.531      9.009   1
  379      6.067     19.021      7.207   1
  380      8.524     19.275      9.009   1
  381      8.526     23.275      7.208   1
  382      5.062     21.276      5.406   1
  383      7.519     17.022      5.405   1
  384      6.589     24.911      9.649   0
  385      6.589     17.641      6.565   0
  386      9.047     20.655      9.650   0
  387      7.070     23.038      7.848   0
  388      5.993     20.135      6.046   0
  389      9.047     21.896      6.566   0
  390      5.992     22.417      4.763   0
  391      7.071     19.511      8.367   0
  392      8.450     24.389      6.048   0
  393      9.527     23.769      8.366   0
  394      9.527     18.782      7.848   0
  395      8.450     18.161      4.763   0
  396      6.068     23.530     14.414   1
  397      6.067     19.019     12.611   1
  398      8.523     19.276     14.414   1
  399      8.524     23.276     12.612   1
  400      5.061     21.274     10.809   1
  401      7.516     17.022     10.812   1
  402      6.588     24.911     15.055   0
  403      6.590     17.641     11.971   0
  404      9.045     20.653     15.054   0
  405      7.071     23.037     13.255   0
  406      5.994     20.135     11.453   0
  407      9.046     21.896     11.970   0
  408      5.995     22.417     10.171   0
  409      7.070     19.516     13.773   0
  410      8.452     24.390     11.453   0
  411      9.527     23.768     13.773   0
  412      9.527     18.783     13.253   0
  413      8.452     18.160     10.170   0
  414      6.067     23.530     19.819   1
  415      6.069     19.018     18.019   1
  416      8.525     19.276     19.818   1
  417      8.524     23.276     18.017   1
  418      5.062     21.275     16.216   1
  419      7.519     17.022     16.215   1
  420      6.589     24.910     20.460   0
  421      6.588     17.644     17.375   0
  422      9.045     20.655     20.460   0
  423      7.070     23.038     18.659   0
  424      5.993     20.136     16.859   0
  425      9.045     21.899     17.375   0
  426      5.993     22.417     15.575   0
  427      7.070     19.514     19.177   0
  428      8.451     24.390     16.857   0
  429      9.527     23.770     19.177   0
  430      9.526     18.783     18.659   0
  431      8.451     18.160     15.574   0
  432     10.981      6.511      3.603   1
  433     10.981      2.000      1.800   1
  434     13.436      2.255      3.604   1
  435     13.439      6.255      1.802   1
  436      9.975      4.257     -0.000   1
  437     12.430     -0.000     -0.001   1
  438     11.502      7.889      4.246   0
  439     11.503      0.621      1.158   0
  440     13.959      3.633      4.244   0
  441     11.983      6.017      2.445   0
  442     10.908      3.114      0.642   0
  443     13.960      4.876      1.160   0
  444     10.907      5.395     -0.641   0
  445     11.984      2.493      2.961   0
  446     13.364      7.370      0.643   0
  447     14.442      6.748      2.963   0
  448     14.439      1.765      2.444   0
  449     13.367      1.140     -0.643   0
  450     10.979      6.512      9.008   1
  451     10.981      2.000      7.208   1
  452     13.437      2.257      9.008   1
  453     13.438      6.255      7.207   1
  454      9.975      4.254      5.403   1
  455     12.432     -0.001      5.405   1
  456     11.502      7.891      9.651   0
  457     11.502      0.621      6.564   0
  458     13.960      3.633      9.651   0
  459     11.982      6.017      7.848   0
  460     10.907      3.115      6.047   0
  461     13.958      4.877      6.564   0
  462     10.909      5.396      4.764   0
  463     11.983      2.493      8.366   0
  464     13.364      7.369      6.047   0
  465     14.442      6.747      8.368   0
  466     14.439      1.763      7.849   0
  467     13.362      1.141      4.763   0
  468     10.982      6.511     14.415   1
  469     10.982      2.001     12.613   1
  470     13.436      2.256     14.415   1
  471     13.439      6.255     12.611   1
  472      9.975      4.253     10.810   1
  473     12.432     -0.003     10.811   1
  474     11.502      7.890     15.056   0
  475     11.503      0.623     11.970   0
  476     13.958      3.633     15.057   0
  477     11.983      6.018     13.253   0
  478     10.908      3.115     11.451   0
  479     13.962      4.875     11.971   0
  480     10.908      5.394     10.168   0
  481     11.984      2.493     13.771   0
  482     13.365      7.369     11.454   0
  483     14.441      6.748     13.771   0
  484     14.439      1.764     13.254   0
  485     13.364      1.140     10.170   0
  486     10.981      6.509     19.819   1
  487     10.980      2.000     18.016   1
  488     13.437      2.257     19.819   1
  489     13.437      6.254     18.017   1
  490      9.975      4.255     16.215   1
  491     12.431      0.001     16.214   1
  492     11.503      7.889     20.461   0
  493     11.503      0.620     17.375   0
  494     13.961      3.634     20.460   0
  495     11.985      6.017     18.658   0
  496     10.907      3.115     16.858   0
  497     13.960      4.876     17.377   0
  498     10.909      5.395     15.573   0
  499     11.983      2.493     19.178   0
  500     13.364      7.371     16.858   0
  501     14.441      6.748     19.177   0
  502     14.440      1.761     18.659   0
  503     13.363      1.139     15.574   0
  504     10.981     15.020      3.603   1
  505     10.981     10.510      1.800   1
  506     13.440     10.767      3.604   1
  507     13.436     14.764      1.803   1
  508      9.973     12.765     -0.001   1
  509     12.431      8.510      0.002   1
  510     11.502     16.399      4.245   0
  511     11.504      9.131      1.160   0
  512     13.960     12.144      4.244   0
  513     11.983     14.528      2.443   0
  514     10.907     11.625      0.642   0
  515     13.959     13.387      1.159   0
  516     10.909     13.907     -0.641   0
  517     11.982     11.004      2.960   0
  518     13.366     15.882      0.642   0
  519     14.440     15.258      2.962   0
  520     14.442     10.274      2.442   0
  521     13.365      9.651     -0.643   0
  522     10.981     15.021      9.009   1
  523     10.980     10.509      7.206   1
  524     13.437     10.766      9.008   1
  525     13.439     14.764      7.206   1
  526      9.975     12.766      5.406   1
  527     12.430      8.510      5.408   1
  528     11.501     16.400      9.649   0
  529     11.502      9.132      6.566   0
  530     13.962     12.144      9.651   0
  531     11.983     14.526      7.848   0
  532     10.907     11.624      6.046   0
  533     13.959     13.388      6.565   0
  534     10.908     13.905      4.764   0
  535     11.984     11.004      8.368   0
  536     13.364     15.882      6.047   0
  537     14.439     15.258      8.367   0
  538     14.440     10.271      7.849   0
  539     13.364      9.650      4.764   0
  540     10.981     15.020     14.413   1
  541     10.981     10.511     12.612   1
  542     13.437     10.765     14.414   1
  543     13.437     14.765     12.611   1
  544      9.975     12.764     10.810   1
  545     12.431      8.509     10.811   1
  546     11.502     16.400     15.057   0
  547     11.502      9.130     11.970   0
  548     13.959     12.144     15.055   0
  549     11.984     14.527     13.255   0
  550     10.907     11.626     11.453   0
  551     13.961     13.387     11.970   0
  552     10.908     13.905     10.169   0
  553     11.983     11.005     13.773   0
  554     13.364     15.880     11.452   0
  555     14.441     15.258     13.771   0
  556     14.441     10.272     13.252   0
  557     13.365      9.652     10.167   0
  558     10.983     15.020     19.819   1
  559     10.981     10.511     18.017   1
  560     13.438     10.767     19.820   1
  561     13.438     14.765     18.018   1
  562      9.975     12.766     16.215   1
  563     12.430      8.509     16.215   1
  564     11.504     16.398     20.461   0
  565     11.502      9.132     17.375   0
  566     13.961     12.142     20.461   0
  567     11.983     14.527     18.658   0
  568     10.909     11.624     16.858   0
  569     13.959     13.386     17.377   0
  570     10.908     13.906     15.575   0
  571     11.984     11.003     19.178   0
  572     13.365     15.880     16.857   0
  573     14.441     15.258     19.178   0
  574     14.440     10.272     18.659   0
  575     13.364      9.651     15.574   0
  576     10.981     23.531      3.604   1
  577     10.983     19.021      1.802   1
  578     13.439     19.277      3.604   1
  579     13.438     23.275      1.802   1
  580      9.976     21.277      0.001   1
  581     12.431     17.023     -0.000   1
  582     11.502     24.910      4.244   0
  583     11.504     17.640      1.160   0
  584     13.959     20.654      4.244   0
  585     11.984     23.038      2.444   0
  586     10.906     20.135      0.641   0
  587     13.958     21.897      1.159   0
  588     10.906     22.417     -0.642   0
  589     11.983     19.512      2.962   0
  590     13.365     24.390      0.642   0
  591     14.441     23.769      2.963   0
  592     14.440     18.786      2.444   0
  593     13.365     18.160     -0.642   0
  594     10.979     23.532      9.010   1
  595     10.982     19.020      7.206   1
  596     13.438     19.277      9.010   1
  597     13.437     23.276      7.207   1
  598      9.976     21.275      5.406   1
  599     12.432     17.021      5.406   1
  600     11.502     24.909      9.650   0
  601     11.504     17.641      6.564   0
  602     13.960     20.654      9.652   0
  603     11.983     23.039      7.851   0
  604     10.906     20.136      6.046   0
  605     13.961     21.898      6.568   0
  606     10.908     22.416      4.764   0
  607     11.984     19.514      8.366   0
  608     13.363     24.388      6.046   0
  609     14.443     23.770      8.368   0
  610     14.441     18.786      7.848   0
  611     13.365     18.160      4.764   0
  612     10.981     23.531     14.413   1
  613     10.981     19.020     12.612   1
  614     13.438     19.275     14.414   1
  615     13.437     23.276     12.613   1
  616      9.975     21.275     10.810   1
  617     12.433     17.020     10.811   1
  618     11.501     24.909     15.056   0
  619     11.503     17.641     11.971   0
  620     13.959     20.654     15.056   0
  621     11.983     23.039     13.255   0
  622     10.907     20.135     11.452   0
  623     13.961     21.896     11.970   0
  624     10.908     22.417     10.169   0
  625     11.983     19.514     13.773   0
  626     13.364     24.391     11.450   0
  627     14.440     23.771     13.774   0
  628     14.440     18.782     13.254   0
  629     13.364     18.163     10.170   0
  630     10.981     23.532     19.819   1
  631     10.981     19.021     18.017   1
  632     13.439     19.276     19.820   1
  633     13.439     23.275     18.017   1
  634      9.974     21.277     16.214   1
  635     12.432     17.020     16.216   1
  636     11.504     24.910     20.461   0
  637     11.504     17.641     17.377   0
  638     13.960     20.655     20.460   0
  639     11.985     23.037     18.660   0
  640     10.908     20.135     16.858   0
  641     13.960     21.897     17.377   0
  642     10.909     22.417     15.573   0
  643     11.983     19.514     19.179   0
  644     13.365     24.389     16.858   0
  645     14.439     23.768     19.177   0
  646     14.440     18.782     18.660   0
  647     13.365     18.161     15.574   0
  648     15.895      6.510      3.605   1
  649     15.894      1.998      1.801   1
  650     18.351      2.255      3.604   1
  651     18.349      6.254      1.803   1
  652     14.886      4.255      0.000   1
  653     17.344      0.000      0.000   1
  654     16.416      7.889      4.245   0
  655     16.415      0.621      1.159   0
  656     18.874      3.633      4.244   0
  657     16.897      6.017      2.443   0
  658     15.820      3.115      0.642   0
  659     18.873      4.877      1.159   0
  660     15.819      5.395     -0.641   0
  661     16.896      2.493      2.962   0
  662     18.277      7.370      0.641   0
  663     19.354      6.748      2.960   0
  664     19.352      1.763      2.445   0
  665     18.278      1.141     -0.643   0
  666     15.892      6.509      9.011   1
  667     15.895      1.999      7.208   1
  668     18.354      2.255      9.010   1
  669     18.351      6.254      7.207   1
  670     14.889      4.254      5.407   1
  671     17.345     -0.002      5.404   1
  672     16.416      7.887      9.651   0
  673     16.417      0.623      6.567   0
  674     18.871      3.634      9.650   0
  675     16.896      6.018      7.849   0
  676     15.821      3.113      6.046   0
  677     18.872      4.878      6.564   0
  678     15.821      5.398      4.763   0
  679     16.896      2.493      8.367   0
  680     18.277      7.370      6.047   0
  681     19.352      6.749      8.367   0
  682     19.355      1.762      7.848   0
  683     18.278      1.140      4.762   0
  684     15.894      6.513     14.414   1
  685     15.892      2.000     12.612   1
  686     18.351      2.257     14.414   1
  687     18.351      6.254     12.612   1
  688     14.887      4.256     10.810   1
  689     17.346     -0.001     10.810   1
  690     16.415      7.889     15.055   0
  691     16.416      0.621     11.972   0
  692     18.873      3.634     15.056   0
  693     16.897      6.018     13.251   0
  694     15.823      3.116     11.451   0
  695     18.873      4.877     11.972   0
  696     15.820      5.395     10.169   0
  697     16.897      2.494     13.770   0
  698     18.277      7.371     11.451   0
  699     19.353      6.750     13.772   0
  700     19.354      1.762     13.254   0
  701     18.278      1.141     10.168   0
  702     15.896      6.512     19.819   1
  703     15.895      2.001     18.016   1
  704     18.351      2.257     19.818   1
  705     18.351      6.255     18.018   1
  706     14.889      4.255     16.217   1
  707     17.344     -0.000     16.217   1
  708     16.414      7.890     20.460   0
  709     16.416      0.621     17.377   0
  710     18.873      3.632     20.462   0
  711     16.897      6.017     18.660   0
  712     15.821      3.113     16.859   0
  713     18.875      4.877     17.375   0
  714     15.822      5.396     15.575   0
  715     16.898      2.494     19.179   0
  716     18.278      7.370     16.857   0
  717     19.352      6.749     19.178   0
  718     19.353      1.762     18.660   0
  719     18.278      1.141     15.574   0
  720     15.894     15.022      3.603   1
  721     15.896     10.509      1.802   1
  722     18.353     10.767      3.603   1
  723     18.351     14.764      1.801   1
  724     14.888     12.766     -0.000   1
  725     17.346      8.510      0.000   1
  726     16.414     16.400      4.245   0
  727     16.415      9.132      1.159   0
  728     18.873     12.143      4.246   0
  729     16.895     14.527      2.444   0
  730     15.822     11.622      0.642   0
  731     18.873     13.387      1.160   0
  732     15.822     13.906     -0.641   0
  733     16.897     11.004      2.961   0
  734     18.277     15.878      0.643   0
  735     19.355     15.258      2.960   0
  736     19.353     10.271      2.442   0
  737     18.277      9.651     -0.643   0
  738     15.894     15.021      9.010   1
  739     15.895     10.509      7.206   1
  740     18.350     10.766      9.008   1
  741     18.352     14.766      7.208   1
  742     14.887     12.765      5.405   1
  743     17.345      8.511      5.406   1
  744     16.416     16.397      9.650   0
  745     16.415      9.132      6.565   0
  746     18.872     12.144      9.651   0
  747     16.897     14.529      7.848   0
  748     15.820     11.625      6.048   0
  749     18.872     13.385      6.564   0
  750     15.821     13.905      4.763   0
  751     16.899     11.004      8.368   0
  752     18.278     15.880      6.046   0
  753     19.354     15.258      8.368   0
  754     19.351     10.272      7.849   0
  755     18.278      9.651      4.763   0
  756     15.894     15.021     14.414   1
  757     15.895     10.509     12.611   1
  758     18.351     10.765     14.415   1
  759     18.351     14.764     12.613   1
  760     14.889     12.767     10.811   1
  761     17.346      8.509     10.810   1
  762     16.416     16.399     15.055   0
  763     16.416      9.132     11.972   0
  764     18.873     12.143     15.055   0
  765     16.899     14.526     13.255   0
  766     15.820     11.626     11.451   0
  767     18.873     13.386     11.971   0
  768     15.822     13.905     10.169   0
  769     16.900     11.003     13.772   0
  770     18.279     15.880     11.452   0
  771     19.353     15.259     13.772   0
  772     19.352     10.273     13.252   0
  773     18.279      9.650     10.166   0
  774     15.896     15.022     19.819   1
  775     15.897     10.510     18.017   1
  776     18.351     10.765     19.818   1
  777     18.352     14.765     18.015   1
  778     14.888     12.764     16.216   1
  779     17.346      8.511     16.216   1
  780     16.415     16.399     20.460   0
  781     16.416      9.131     17.376   0
  782     18.873     12.144     20.461   0
  783     16.896     14.527     18.662   0
  784     15.822     11.624     16.858   0
  785     18.872     13.386     17.376   0
  786     15.821     13.906     15.573   0
  787     16.897     11.002     19.177   0
  788     18.276     15.879     16.858   0
  789     19.355     15.258     19.178   0
  790     19.354     10.269     18.660   0
  791     18.278      9.651     15.573   0
  792     15.896     23.530      3.604   1
  793     15.894     19.020      1.802   1
  794     18.351     19.276      3.604   1
  795     18.353     23.276      1.802   1
  796     14.888     21.274     -0.000   1
  797     17.345     17.021      0.000   1
  798     16.417     24.911      4.245   0
  799     16.415     17.644      1.162   0
  800     18.873     20.653      4.245   0
  801     16.895     23.037      2.443   0
  802     15.822     20.134      0.643   0
  803     18.873     21.896      1.160   0
  804     15.820     22.416     -0.641   0
  805     16.897     19.514      2.961   0
  806     18.279     24.389      0.640   0
  807     19.354     23.770      2.962   0
  808     19.352     18.783      2.442   0
  809     18.277     18.160     -0.641   0
  810     15.896     23.531      9.009   1
  811     15.893     19.020      7.207   1
  812     18.352     19.275      9.008   1
  813     18.352     23.275      7.207   1
  814     14.889     21.275      5.405   1
  815     17.345     17.019      5.407   1
  816     16.418     24.910      9.653   0
  817     16.416     17.641      6.565   0
  818     18.873     20.656      9.650   0
  819     16.897     23.039      7.849   0
  820     15.822     20.135      6.048   0
  821     18.872     21.897      6.565   0
  822     15.822     22.415      4.762   0
  823     16.896     19.514      8.366   0
  824     18.279     24.388      6.047   0
  825     19.356     23.768      8.365   0
  826     19.355     18.783      7.847   0
  827     18.276     18.161      4.763   0
  828     15.896     23.530     14.413   1
  829     15.893     19.019     12.610   1
  830     18.351     19.277     14.414   1
  831     18.351     23.277     12.611   1
  832     14.886     21.276     10.810   1
  833     17.344     17.019     10.810   1
  834     16.416     24.911     15.056   0
  835     16.415     17.642     11.970   0
  836     18.873     20.654     15.056   0
  837     16.895     23.040     13.255   0
  838     15.823     20.135     11.453   0
  839     18.874     21.897     11.969   0
  840     15.822     22.416     10.169   0
  841     16.897     19.515     13.771   0
  842     18.278     24.389     11.450   0
  843     19.352     23.769     13.772   0
  844     19.353     18.784     13.255   0
  845     18.278     18.160     10.168   0
  846     15.893     23.531     19.818   1
  847     15.894     19.019     18.018   1
  848     18.351     19.277     19.821   1
  849     18.351     23.275     18.017   1
  850     14.887     21.275     16.216   1
  851     17.345     17.021     16.217   1
  852     16.416     24.909     20.461   0
  853     16.416     17.640     17.376   0
  854     18.873     20.655     20.461   0
  855     16.897     23.039     18.657   0
  856     15.821     20.133     16.857   0
  857     18.873     21.896     17.376   0
  858     15.822     22.416     15.573   0
  859     16.896     19.514     19.178   0
  860     18.278     24.392     16.856   0
  861     19.353     23.769     19.177   0
  862     19.352     18.784     18.660   0
  863     18.277     18.160     15.574   0
