  0      1.155      6.510      3.604   1
  1      1.155      2.000      1.801   1
  2      3.611      2.257      3.604   1
  3      3.613      6.253      1.800   1
  4      0.148      4.255      0.001   1
  5      2.605      0.000      0.000   1
  6      1.676      7.888      4.245   0
  7      1.677      0.620      1.160   0
  8      4.135      3.634      4.246   0
  9      2.155      6.019      2.444   0
  10      1.082      3.116      0.642   0
  11      4.133      4.877      1.159   0
  12      1.080      5.396     -0.642   0
  13      2.157      2.493      2.963   0
  14      3.537      7.370      0.643   0
  15      4.613      6.748      2.959   0
  16      4.614      1.761      2.443   0
  17      3.539      1.141     -0.641   0
  18      1.154      6.510      9.008   1
  19      1.154      1.999      7.207   1
  20      3.610      2.255      9.009   1
  21      3.612      6.255      7.207   1
  22      0.149      4.255      5.404   1
  23      2.606     -0.002      5.405   1
  24      1.675      7.888      9.649   0
  25      1.676      0.622      6.565   0
  26      4.133      3.636      9.650   0
  27      2.156      6.017      7.848   0
  28      1.082      3.113      6.047   0
  29      4.132      4.876      6.565   0
  30      1.080      5.396      4.765   0
  31      2.155      2.493      8.366   0
  32      3.538      7.369      6.047   0
  33      4.614      6.749      8.368   0
  34      4.615      1.763      7.849   0
  35      3.539      1.141      4.765   0
  36      1.154      6.513     14.414   1
  37      1.156      1.999     12.612   1
  38      3.613      2.255     14.414   1
  39      3.611      6.254     12.614   1
  40      0.150      4.255     10.809   1
  41      2.607     -0.000     10.807   1
  42      1.676      7.889     15.057   0
  43      1.676      0.622     11.971   0
  44      4.133      3.633     15.056   0
  45      2.155      6.017     13.254   0
  46      1.080      3.115     11.452   0
  47      4.133      4.877     11.970   0
  48      1.080      5.396     10.168   0
  49      2.157      2.493     13.772   0
  50      3.537      7.369     11.453   0
  51      4.614      6.749     13.771   0
  52      4.615      1.762     13.255   0
  53      3.538      1.142     10.169   0
  54      1.155      6.512     19.820   1
  55      1.154      2.000     18.017   1
  56      3.611      2.256     19.817   1
  57      3.612      6.255     18.017   1
  58      0.148      4.255     16.217   1
  59      2.604     -0.001     16.214   1
  60      1.675      7.888     20.462   0
  61      1.676      0.621     17.374   0
  62      4.131      3.635     20.462   0
  63      2.156      6.019     18.660   0
  64      1.081      3.116     16.857   0
  65      4.133      4.877     17.375   0
  66      1.082      5.399     15.576   0
  67      2.155      2.493     19.177   0
  68      3.536      7.369     16.856   0
  69      4.612      6.747     19.177   0
  70      4.615      1.763     18.658   0
  71      3.538      1.140     15.574   0
  72      1.155     15.021      3.602   1
  73      1.153     10.509      1.801   1
  74      3.611     10.767      3.604   1
  75      3.609     14.766      1.803   1
  76      0.146     12.766      0.003   1
  77      2.603      8.510     -0.000   1
  78      1.676     16.397      4.245   0
  79      1.675      9.130      1.161   0
  80      4.131     12.144      4.246   0
  81      2.157     14.526      2.444   0
  82      1.082     11.624      0.643   0
  83      4.133     13.387      1.162   0
  84      1.079     13.906     -0.641   0
  85      2.158     11.003      2.961   0
  86      3.536     15.881      0.643   0
  87      4.614     15.259      2.963   0
  88      4.615     10.272      2.444   0
  89      3.537      9.649     -0.642   0
  90      1.155     15.021      9.010   1
  91      1.155     10.510      7.207   1
  92      3.612     10.767      9.008   1
  93      3.614     14.765      7.207   1
  94      0.147     12.765      5.404   1
  95      2.605      8.510      5.405   1
  96      1.676     16.400      9.650   0
  97      1.675      9.133      6.564   0
  98      4.134     12.145      9.651   0
  99      2.156     14.528      7.848   0
  100      1.079     11.624      6.047   0
  101      4.132     13.387      6.566   0
  102      1.080     13.905      4.763   0
  103      2.158     11.004      8.367   0
  104      3.536     15.879      6.046   0
  105      4.612     15.257      8.366   0
  106      4.615     10.274      7.849   0
  107      3.538      9.651      4.763   0
  108      1.155     15.020     14.415   1
  109      1.153     10.509     12.611   1
  110      3.613     10.767     14.412   1
  111      3.611     14.765     12.613   1
  112      0.146     12.765     10.811   1
  113      2.605      8.510     10.809   1
  114      1.676     16.400     15.056   0
  115      1.676      9.132     11.969   0
  116      4.133     12.143     15.055   0
  117      2.155     14.526     13.255   0
  118      1.081     11.622     11.452   0
  119      4.132     13.384     11.970   0
  120      1.081     13.905     10.171   0
  121      2.157     11.004     13.771   0
  122      3.538     15.880     11.453   0
  123      4.613     15.259     13.772   0
  124      4.613     10.273     13.256   0
  125      3.536      9.650     10.170   0
  126      1.154     15.021     19.818   1
  127      1.155     10.509     18.016   1
  128      3.611     10.766     19.819   1
  129      3.612     14.766     18.019   1
  130      0.149     12.766     16.216   1
  131      2.604      8.511     16.215   1
  132      1.675     16.400     20.461   0
  133      1.674      9.131     17.374   0
  134      4.133     12.143     20.461   0
  135      2.156     14.527     18.659   0
  136      1.082     11.624     16.857   0
  137      4.134     13.386     17.375   0
  138      1.082     13.906     15.573   0
  139      2.156     11.003     19.177   0
  140      3.537     15.880     16.858   0
  141      4.614     15.257     19.177   0
  142      4.612     10.271     18.661   0
  143      3.538      9.652     15.574   0
  144      1.154     23.532      3.605   1
  145      1.154     19.019      1.802   1
  146      3.611     19.277      3.604   1
  147      3.612     23.275      1.802   1
  148      0.148     21.274     -0.001   1
  149      2.606     17.020     -0.000   1
  150      1.675     24.910      4.245   0
  151      1.676     17.641      1.160   0
  152      4.132     20.656      4.245   0
  153      2.157     23.037      2.442   0
  154      1.083     20.135      0.643   0
  155      4.133     21.897      1.161   0
  156      1.081     22.416     -0.643   0
  157      2.157     19.514      2.962   0
  158      3.538     24.389      0.641   0
  159      4.615     23.769      2.960   0
  160      4.612     18.784      2.446   0
  161      3.537     18.161     -0.642   0
  162      1.154     23.531      9.009   1
  163      1.155     19.019      7.206   1
  164      3.611     19.274      9.008   1
  165      3.611     23.275      7.207   1
  166      0.148     21.278      5.406   1
  167      2.603     17.021      5.405   1
  168      1.675     24.908      9.651   0
  169      1.677     17.641      6.564   0
  170      4.134     20.654      9.650   0
  171      2.157     23.039      7.849   0
  172      1.079     20.134      6.047   0
  173      4.132     21.897      6.564   0
  174      1.081     22.416      4.761   0
  175      2.157     19.514      8.367   0
  176      3.538     24.389      6.048   0
  177      4.613     23.770      8.366   0
  178      4.613     18.785      7.848   0
  179      3.538     18.161      4.763   0
  180      1.155     23.533     14.413   1
  181      1.153     19.020     12.611   1
  182      3.611     19.275     14.413   1
  183      3.612     23.276     12.613   1
  184      0.147     21.274     10.809   1
  185      2.604     17.020     10.811   1
  186      1.676     24.909     15.056   0
  187      1.675     17.641     11.971   0
  188      4.132     20.654     15.054   0
  189      2.158     23.038     13.254   0
  190      1.080     20.135     11.453   0
  191      4.132     21.893     11.970   0
  192      1.082     22.418     10.170   0
  193      2.158     19.513     13.772   0
  194      3.538     24.390     11.452   0
  195      4.613     23.768     13.773   0
  196      4.615     18.782     13.255   0
  197      3.540     18.161     10.168   0
  198      1.154     23.530     19.819   1
  199      1.154     19.021     18.019   1
  200      3.612     19.276     19.819   1
  201      3.611     23.276     18.017   1
  202      0.149     21.275     16.215   1
  203      2.605     17.018     16.217   1
  204      1.677     24.911     20.461   0
  205      1.676     17.642     17.376   0
  206      4.133     20.654     20.462   0
  207      2.156     23.037     18.659   0
  208      1.081     20.135     16.858   0
  209      4.132     21.896     17.376   0
  210      1.081     22.417     15.577   0
  211      2.158     19.513     19.176   0
  212      3.540     24.389     16.858   0
  213      4.614     23.770     19.178   0
  214      4.614     18.783     18.659   0
  215      3.537     18.162     15.573   0
  216      6.068      6.510      3.604   1
  217      6.067      2.000      1.801   1
  218      8.523      2.254      3.602   1
  219      8.523      6.254      1.802   1
  220      5.061      4.254      0.001   1
  221      7.520     -0.000      0.000   1
  222      6.591      7.891      4.246   0
  223      6.590      0.622      1.159   0
  224      9.046      3.634      4.243   0
  225      7.070      6.018      2.445   0
  226      5.994      3.113      0.641   0
  227      9.047      4.876      1.160   0
  228      5.994      5.396     -0.641   0
  229      7.070      2.493      2.961   0
  230      8.451      7.372      0.643   0
  231      9.527      6.747      2.963   0
  232      9.526      1.764      2.443   0
  233      8.450      1.140     -0.642   0
  234      6.069      6.512      9.008   1
  235      6.067      1.998      7.208   1
  236      8.526      2.255      9.009   1
  237      8.524      6.254      7.207   1
  238      5.061      4.253      5.405   1
  239      7.518     -0.000      5.404   1
  240      6.590      7.890      9.652   0
  241      6.590      0.621      6.565   0
  242      9.048      3.634      9.649   0
  243      7.072      6.017      7.849   0
  244      5.995      3.113      6.047   0
  245      9.046      4.877      6.566   0
  246      5.994      5.395      4.761   0
  247      7.070      2.493      8.367   0
  248      8.451      7.370      6.046   0
  249      9.528      6.749      8.365   0
  250      9.527      1.762      7.848   0
  251      8.452      1.141      4.765   0
  252      6.069      6.510     14.415   1
  253      6.069      1.998     12.614   1
  254      8.526      2.255     14.415   1
  255      8.524      6.255     12.612   1
  256      5.061      4.255     10.810   1
  257      7.517      0.002     10.808   1
  258      6.588      7.889     15.057   0
  259      6.590      0.621     11.971   0
  260      9.046      3.633     15.055   0
  261      7.070      6.018     13.254   0
  262      5.995      3.113     11.454   0
  263      9.045      4.877     11.971   0
  264      5.993      5.395     10.168   0
  265      7.072      2.494     13.772   0
  266      8.452      7.370     11.453   0
  267      9.526      6.749     13.771   0
  268      9.526      1.763     13.253   0
  269      8.450      1.141     10.169   0
  270      6.066      6.511     19.820   1
  271      6.069      1.999     18.018   1
  272      8.525      2.256     19.820   1
  273      8.524      6.255     18.016   1
  274      5.061      4.255     16.215   1
  275      7.517     -0.001     16.215   1
  276      6.589      7.889     20.461   0
  277      6.590      0.620     17.376   0
  278      9.045      3.633     20.460   0
  279      7.069      6.018     18.657   0
  280      5.994      3.115     16.860   0
  281      9.045      4.876     17.377   0
  282      5.994      5.397     15.574   0
  283      7.071      2.494     19.177   0
  284      8.452      7.368     16.858   0
  285      9.526      6.749     19.176   0
  286      9.526      1.761     18.658   0
  287      8.449      1.141     15.572   0
  288      6.066     15.021      3.605   1
  289      6.065     10.510      1.799   1
  290      8.525     10.767      3.602   1
  291      8.525     14.764      1.802   1
  292      5.061     12.765      0.002   1
  293      7.516      8.510      0.001   1
  294      6.590     16.400      4.246   0
  295      6.589      9.133      1.162   0
  296      9.046     12.144      4.246   0
  297      7.071     14.528      2.445   0
  298      5.993     11.624      0.642   0
  299      9.047     13.389      1.159   0
  300      5.994     13.905     -0.641   0
  301      7.070     11.003      2.960   0
  302      8.451     15.880      0.642   0
  303      9.528     15.260      2.961   0
  304      9.527     10.272      2.444   0
  305      8.451      9.651     -0.642   0
  306      6.069     15.020      9.008   1
  307      6.068     10.508      7.205   1
  308      8.525     10.764      9.009   1
  309      8.525     14.765      7.208   1
  310      5.063     12.766      5.404   1
  311      7.517      8.511      5.404   1
  312      6.588     16.398      9.652   0
  313      6.588      9.132      6.567   0
  314      9.046     12.146      9.649   0
  315      7.071     14.528      7.849   0
  316      5.993     11.624      6.049   0
  317      9.045     13.387      6.564   0
  318      5.995     13.907      4.764   0
  319      7.071     11.003      8.366   0
  320      8.451     15.879      6.045   0
  321      9.526     15.259      8.368   0
  322      9.526     10.272      7.850   0
  323      8.451      9.652      4.763   0
  324      6.067     15.022     14.414   1
  325      6.068     10.509     12.613   1
  326      8.524     10.767     14.415   1
  327      8.526     14.767     12.611   1
  328      5.061     12.765     10.809   1
  329      7.517      8.509     10.811   1
  330      6.590     16.400     15.055   0
  331      6.590      9.132     11.970   0
  332      9.047     12.144     15.057   0
  333      7.068     14.529     13.254   0
  334      5.994     11.623     11.452   0
  335      9.044     13.386     11.969   0
  336      5.994     13.908     10.168   0
  337      7.069     11.003     13.772   0
  338      8.451     15.880     11.452   0
  339      9.526     15.259     13.774   0
  340      9.528     10.274     13.255   0
  341      8.450      9.651     10.170   0
  342      6.067     15.021     19.819   1
  343      6.068     10.509     18.016   1
  344      8.525     10.765     19.818   1
  345      8.526     14.765     18.018   1
  346      5.061     12.765     16.216   1
  347      7.517      8.510     16.217   1
  348      6.587     16.400     20.462   0
  349      6.589      9.131     17.374   0
  350      9.046     12.144     20.459   0
  351      7.072     14.527     18.660   0
  352      5.994     11.625     16.857   0
  353      9.048     13.387     17.376   0
  354      5.994     13.907     15.574   0
  355      7.070     11.002     19.176   0
  356      8.449     15.879     16.858   0
  357      9.526     15.260     19.178   0
  358      9.526     10.272     18.659   0
  359      8.449      9.650     15.573   0
  360      6.068     23.531      3.603   1
  361      6.068     19.020      1.803   1
  362      8.525     19.275      3.601   1
  363      8.525     23.274      1.800   1
  364      5.060     21.276      0.003   1
  365      7.517     17.018      0.001   1
  366      6.592     24.910      4.244   0
  367      6.589     17.641      1.159   0
  368      9.046     20.656      4.245   0
  369      7.070     23.037      2.443   0
  370      5.994     20.135      0.642   0
  371      9.045     21.895      1.161   0
  372      5.994     22.417     -0.641   0
  373      7.068     19.512      2.961   0
  374      8.450     24.388      0.642   0
  375      9.527     23.769      2.962   0
  376      9.527     18.784      2.444   0
  377      8.450     18.163     -0.641   0
  378      6.069     23.532      9.009   1
  379      6.066     19.019      7.206   1
  380      8.522     19.275      9.009   1
  381      8.525     23.274      7.207   1
  382      5.060     21.276      5.404   1
  383      7.520     17.019      5.405   1
  384      6.590     24.909      9.648   0
  385      6.591     17.641      6.564   0
  386      9.046     20.653      9.650   0
  387      7.069     23.038      7.850   0
  388      5.993     20.134      6.047   0
  389      9.047     21.895      6.564   0
  390      5.991     22.418      4.764   0
  391      7.071     19.513      8.368   0
  392      8.451     24.391      6.048   0
  393      9.527     23.768      8.367   0
  394      9.526     18.783      7.850   0
  395      8.451     18.162      4.763   0
  396      6.067     23.531     14.414   1
  397      6.071     19.020     12.613   1
  398      8.524     19.276     14.414   1
  399      8.524     23.275     12.612   1
  400      5.061     21.276     10.810   1
  401      7.518     17.023     10.810   1
  402      6.589     24.910     15.056   0
  403      6.592     17.642     11.969   0
  404      9.046     20.656     15.058   0
  405      7.070     23.036     13.254   0
  406      5.995     20.134     11.452   0
  407      9.046     21.899     11.971   0
  408      5.994     22.418     10.167   0
  409      7.069     19.514     13.772   0
  410      8.451     24.390     11.452   0
  411      9.526     23.770     13.774   0
  412      9.527     18.782     13.253   0
  413      8.452     18.163     10.167   0
  414      6.068     23.531     19.821   1
  415      6.067     19.019     18.019   1
  416      8.524     19.276     19.818   1
  417      8.524     23.275     18.017   1
  418      5.061     21.276     16.216   1
  419      7.518     17.020     16.214   1
  420      6.588     24.910     20.461   0
  421      6.590     17.642     17.377   0
  422      9.046     20.654     20.461   0
  423      7.070     23.038     18.660   0
  424      5.994     20.135     16.856   0
  425      9.045     21.898     17.375   0
  426      5.993     22.416     15.574   0
  427      7.070     19.514     19.179   0
  428      8.451     24.391     16.858   0
  429      9.527     23.769     19.178   0
  430      9.527     18.782     18.659   0
  431      8.450     18.161     15.575   0
  432     10.981      6.512      3.604   1
  433     10.980      2.001      1.802   1
  434     13.438      2.256      3.603   1
  435     13.437      6.255      1.803   1
  436      9.974      4.256     -0.001   1
  437     12.433      0.001      0.001   1
  438     11.504      7.890      4.246   0
  439     11.502      0.622      1.159   0
  440     13.959      3.633      4.245   0
  441     11.984      6.016      2.443   0
  442     10.907      3.114      0.642   0
  443     13.960      4.875      1.158   0
  444     10.908      5.394     -0.640   0
  445     11.982      2.494      2.962   0
  446     13.366      7.369      0.641   0
  447     14.440      6.748      2.962   0
  448     14.440      1.762      2.444   0
  449     13.363      1.141     -0.642   0
  450     10.980      6.512      9.008   1
  451     10.981      2.000      7.206   1
  452     13.438      2.255      9.010   1
  453     13.439      6.253      7.206   1
  454      9.975      4.255      5.406   1
  455     12.433     -0.000      5.405   1
  456     11.501      7.888      9.648   0
  457     11.504      0.621      6.564   0
  458     13.959      3.636      9.651   0
  459     11.981      6.017      7.850   0
  460     10.908      3.114      6.046   0
  461     13.960      4.876      6.568   0
  462     10.907      5.396      4.762   0
  463     11.982      2.495      8.367   0
  464     13.364      7.370      6.048   0
  465     14.438      6.746      8.368   0
  466     14.440      1.763      7.849   0
  467     13.363      1.141      4.763   0
  468     10.983      6.511     14.414   1
  469     10.981      2.000     12.613   1
  470     13.437      2.255     14.413   1
  471     13.437      6.256     12.612   1
  472      9.975      4.256     10.810   1
  473     12.431      0.003     10.809   1
  474     11.503      7.889     15.057   0
  475     11.503      0.621     11.970   0
  476     13.959      3.633     15.054   0
  477     11.983      6.018     13.254   0
  478     10.907      3.114     11.451   0
  479     13.957      4.876     11.971   0
  480     10.909      5.397     10.169   0
  481     11.984      2.493     13.772   0
  482     13.366      7.369     11.451   0
  483     14.441      6.749     13.773   0
  484     14.443      1.761     13.255   0
  485     13.363      1.139     10.168   0
  486     10.981      6.511     19.820   1
  487     10.981      1.999     18.018   1
  488     13.437      2.256     19.818   1
  489     13.436      6.254     18.017   1
  490      9.976      4.256     16.215   1
  491     12.432     -0.001     16.216   1
  492     11.502      7.890     20.463   0
  493     11.503      0.621     17.374   0
  494     13.959      3.633     20.461   0
  495     11.983      6.019     18.660   0
  496     10.908      3.114     16.857   0
  497     13.960      4.876     17.377   0
  498     10.907      5.396     15.573   0
  499     11.983      2.492     19.176   0
  500     13.364      7.369     16.857   0
  501     14.441      6.749     19.178   0
  502     14.441      1.759     18.659   0
  503     13.364      1.142     15.572   0
  504     10.981     15.021      3.603   1
  505     10.981     10.511      1.804   1
  506     13.438     10.766      3.604   1
  507     13.436     14.765      1.803   1
  508      9.973     12.766     -0.000   1
  509     12.430      8.512     -0.001   1
  510     11.504     16.400      4.245   0
  511     11.503      9.132      1.159   0
  512     13.959     12.144      4.245   0
  513     11.985     14.526      2.444   0
  514     10.908     11.625      0.641   0
  515     13.959     13.389      1.159   0
  516     10.907     13.907     -0.639   0
  517     11.982     11.004      2.962   0
  518     13.364     15.880      0.642   0
  519     14.441     15.260      2.961   0
  520     14.437     10.272      2.444   0
  521     13.365      9.652     -0.640   0
  522     10.982     15.022      9.011   1
  523     10.983     10.511      7.207   1
  524     13.437     10.766      9.007   1
  525     13.439     14.763      7.208   1
  526      9.976     12.766      5.405   1
  527     12.431      8.510      5.406   1
  528     11.502     16.400      9.648   0
  529     11.503      9.132      6.566   0
  530     13.960     12.145      9.650   0
  531     11.982     14.528      7.850   0
  532     10.909     11.625      6.048   0
  533     13.960     13.389      6.566   0
  534     10.907     13.905      4.763   0
  535     11.984     11.002      8.367   0
  536     13.363     15.878      6.045   0
  537     14.441     15.261      8.367   0
  538     14.440     10.272      7.849   0
  539     13.364      9.650      4.763   0
  540     10.982     15.020     14.416   1
  541     10.981     10.510     12.613   1
  542     13.438     10.766     14.412   1
  543     13.436     14.763     12.612   1
  544      9.974     12.765     10.809   1
  545     12.429      8.510     10.809   1
  546     11.503     16.399     15.056   0
  547     11.503      9.132     11.971   0
  548     13.956     12.147     15.055   0
  549     11.983     14.527     13.254   0
  550     10.908     11.625     11.452   0
  551     13.960     13.386     11.970   0
  552     10.906     13.906     10.168   0
  553     11.983     11.002     13.772   0
  554     13.366     15.880     11.453   0
  555     14.441     15.259     13.771   0
  556     14.440     10.273     13.253   0
  557     13.364      9.651     10.169   0
  558     10.981     15.021     19.819   1
  559     10.982     10.509     18.017   1
  560     13.436     10.766     19.819   1
  561     13.438     14.767     18.017   1
  562      9.974     12.764     16.216   1
  563     12.430      8.510     16.218   1
  564     11.502     16.399     20.462   0
  565     11.503      9.132     17.377   0
  566     13.959     12.146     20.460   0
  567     11.983     14.527     18.660   0
  568     10.907     11.625     16.859   0
  569     13.960     13.386     17.375   0
  570     10.907     13.908     15.573   0
  571     11.982     11.005     19.177   0
  572     13.364     15.881     16.858   0
  573     14.442     15.258     19.177   0
  574     14.441     10.270     18.658   0
  575     13.366      9.651     15.573   0
  576     10.980     23.530      3.603   1
  577     10.981     19.021      1.802   1
  578     13.437     19.276      3.604   1
  579     13.437     23.276      1.803   1
  580      9.975     21.275     -0.000   1
  581     12.431     17.020      0.000   1
  582     11.503     24.908      4.247   0
  583     11.504     17.641      1.160   0
  584     13.959     20.655      4.246   0
  585     11.983     23.038      2.442   0
  586     10.908     20.133      0.642   0
  587     13.960     21.896      1.159   0
  588     10.909     22.416     -0.644   0
  589     11.983     19.513      2.963   0
  590     13.366     24.390      0.641   0
  591     14.440     23.767      2.960   0
  592     14.438     18.783      2.443   0
  593     13.364     18.162     -0.643   0
  594     10.981     23.532      9.006   1
  595     10.982     19.019      7.207   1
  596     13.437     19.276      9.008   1
  597     13.438     23.275      7.208   1
  598      9.974     21.276      5.406   1
  599     12.431     17.021      5.406   1
  600     11.502     24.910      9.652   0
  601     11.503     17.643      6.563   0
  602     13.960     20.654      9.651   0
  603     11.983     23.036      7.848   0
  604     10.908     20.136      6.046   0
  605     13.960     21.897      6.564   0
  606     10.906     22.417      4.764   0
  607     11.983     19.514      8.366   0
  608     13.363     24.388      6.045   0
  609     14.441     23.769      8.365   0
  610     14.441     18.783      7.850   0
  611     13.365     18.161      4.764   0
  612     10.980     23.533     14.413   1
  613     10.982     19.018     12.611   1
  614     13.437     19.275     14.414   1
  615     13.440     23.277     12.613   1
  616      9.976     21.275     10.811   1
  617     12.431     17.022     10.811   1
  618     11.502     24.908     15.056   0
  619     11.501     17.641     11.970   0
  620     13.961     20.654     15.056   0
  621     11.983     23.038     13.253   0
  622     10.908     20.135     11.451   0
  623     13.959     21.896     11.969   0
  624     10.909     22.417     10.168   0
  625     11.984     19.514     13.772   0
  626     13.364     24.390     11.451   0
  627     14.439     23.767     13.772   0
  628     14.442     18.784     13.253   0
  629     13.364     18.162     10.167   0
  630     10.981     23.531     19.819   1
  631     10.982     19.018     18.020   1
  632     13.438     19.274     19.820   1
  633     13.439     23.277     18.015   1
  634      9.975     21.276     16.216   1
  635     12.431     17.020     16.214   1
  636     11.503     24.910     20.462   0
  637     11.503     17.642     17.375   0
  638     13.958     20.654     20.460   0
  639     11.982     23.038     18.659   0
  640     10.907     20.136     16.858   0
  641     13.959     21.898     17.375   0
  642     10.906     22.416     15.573   0
  643     11.983     19.515     19.177   0
  644     13.364     24.391     16.858   0
  645     14.440     23.769     19.177   0
  646     14.440     18.782     18.657   0
  647     13.366     18.161     15.573   0
  648     15.894      6.511      3.603   1
  649     15.895      2.000      1.802   1
  650     18.350      2.254      3.601   1
  651     18.351      6.256      1.802   1
  652     14.888      4.254      0.001   1
  653     17.346      0.001     -0.000   1
  654     16.416      7.889      4.244   0
  655     16.417      0.621      1.160   0
  656     18.874      3.635      4.246   0
  657     16.897      6.017      2.442   0
  658     15.818      3.115      0.642   0
  659     18.874      4.877      1.159   0
  660     15.820      5.394     -0.642   0
  661     16.896      2.493      2.963   0
  662     18.279      7.369      0.643   0
  663     19.355      6.749      2.962   0
  664     19.351      1.761      2.444   0
  665     18.279      1.142     -0.642   0
  666     15.896      6.511      9.010   1
  667     15.893      1.999      7.207   1
  668     18.350      2.256      9.008   1
  669     18.351      6.255      7.206   1
  670     14.888      4.254      5.405   1
  671     17.344     -0.001      5.404   1
  672     16.416      7.890      9.651   0
  673     16.418      0.622      6.565   0
  674     18.874      3.636      9.650   0
  675     16.897      6.018      7.848   0
  676     15.822      3.113      6.045   0
  677     18.873      4.876      6.565   0
  678     15.819      5.396      4.764   0
  679     16.898      2.493      8.367   0
  680     18.276      7.370      6.046   0
  681     19.353      6.747      8.367   0
  682     19.354      1.762      7.851   0
  683     18.279      1.141      4.764   0
  684     15.896      6.512     14.415   1
  685     15.895      2.001     12.612   1
  686     18.351      2.257     14.414   1
  687     18.351      6.255     12.612   1
  688     14.886      4.255     10.811   1
  689     17.345     -0.000     10.812   1
  690     16.416      7.889     15.055   0
  691     16.416      0.622     11.969   0
  692     18.872      3.633     15.055   0
  693     16.895      6.018     13.253   0
  694     15.820      3.112     11.453   0
  695     18.873      4.877     11.970   0
  696     15.821      5.394     10.169   0
  697     16.897      2.492     13.771   0
  698     18.276      7.371     11.451   0
  699     19.353      6.747     13.772   0
  700     19.354      1.764     13.253   0
  701     18.277      1.141     10.169   0
  702     15.894      6.512     19.819   1
  703     15.893      2.001     18.017   1
  704     18.350      2.255     19.821   1
  705     18.351      6.254     18.017   1
  706     14.885      4.256     16.213   1
  707     17.344      0.000     16.215   1
  708     16.415      7.891     20.461   0
  709     16.416      0.621     17.375   0
  710     18.872      3.632     20.460   0
  711     16.896      6.017     18.659   0
  712     15.821      3.113     16.858   0
  713     18.873      4.876     17.375   0
  714     15.821      5.397     15.575   0
  715     16.898      2.493     19.177   0
  716     18.279      7.371     16.857   0
  717     19.355      6.747     19.179   0
  718     19.354      1.762     18.659   0
  719     18.277      1.140     15.574   0
  720     15.894     15.021      3.605   1
  721     15.896     10.508      1.801   1
  722     18.351     10.765      3.602   1
  723     18.352     14.764      1.803   1
  724     14.890     12.768     -0.001   1
  725     17.344      8.509     -0.001   1
  726     16.415     16.400      4.245   0
  727     16.416      9.133      1.159   0
  728     18.873     12.142      4.245   0
  729     16.898     14.528      2.445   0
  730     15.821     11.626      0.644   0
  731     18.873     13.388      1.162   0
  732     15.821     13.907     -0.642   0
  733     16.896     11.002      2.962   0
  734     18.278     15.880      0.642   0
  735     19.352     15.258      2.961   0
  736     19.354     10.273      2.443   0
  737     18.279      9.651     -0.643   0
  738     15.894     15.021      9.009   1
  739     15.895     10.508      7.206   1
  740     18.352     10.767      9.009   1
  741     18.349     14.764      7.208   1
  742     14.889     12.766      5.405   1
  743     17.346      8.512      5.405   1
  744     16.415     16.400      9.651   0
  745     16.418      9.132      6.566   0
  746     18.873     12.145      9.651   0
  747     16.899     14.525      7.849   0
  748     15.819     11.624      6.047   0
  749     18.874     13.388      6.565   0
  750     15.822     13.905      4.763   0
  751     16.897     11.004      8.366   0
  752     18.276     15.880      6.047   0
  753     19.354     15.257      8.365   0
  754     19.352     10.273      7.849   0
  755     18.278      9.652      4.764   0
  756     15.893     15.022     14.414   1
  757     15.894     10.509     12.611   1
  758     18.352     10.763     14.414   1
  759     18.351     14.766     12.613   1
  760     14.887     12.767     10.809   1
  761     17.345      8.511     10.809   1
  762     16.417     16.397     15.055   0
  763     16.417      9.132     11.970   0
  764     18.874     12.145     15.057   0
  765     16.895     14.528     13.254   0
  766     15.820     11.625     11.452   0
  767     18.873     13.386     11.970   0
  768     15.822     13.906     10.167   0
  769     16.897     11.004     13.773   0
  770     18.278     15.880     11.453   0
  771     19.353     15.256     13.771   0
  772     19.353     10.273     13.254   0
  773     18.278      9.650     10.168   0
  774     15.896     15.021     19.820   1
  775     15.894     10.510     18.017   1
  776     18.351     10.767     19.820   1
  777     18.351     14.766     18.016   1
  778     14.888     12.766     16.215   1
  779     17.346      8.511     16.216   1
  780     16.417     16.399     20.464   0
  781     16.416      9.131     17.377   0
  782     18.872     12.146     20.460   0
  783     16.896     14.526     18.659   0
  784     15.822     11.625     16.857   0
  785     18.873     13.386     17.377   0
  786     15.820     13.905     15.572   0
  787     16.896     11.003     19.178   0
  788     18.277     15.879     16.858   0
  789     19.352     15.257     19.178   0
  790     19.354     10.273     18.659   0
  791     18.276      9.650     15.575   0
  792     15.894     23.530      3.603   1
  793     15.895     19.020      1.801   1
  794     18.352     19.276      3.602   1
  795     18.351     23.275      1.802   1
  796     14.888     21.277     -0.001   1
  797     17.345     17.020     -0.000   1
  798     16.416     24.911      4.245   0
  799     16.416     17.641      1.159   0
  800     18.872     20.655      4.245   0
  801     16.896     23.038      2.443   0
  802     15.820     20.134      0.642   0
  803     18.872     21.897      1.161   0
  804     15.820     22.416     -0.642   0
  805     16.896     19.512      2.962   0
  806     18.276     24.389      0.642   0
  807     19.355     23.769      2.962   0
  808     19.355     18.781      2.443   0
  809     18.276     18.160     -0.641   0
  810     15.896     23.532      9.009   1
  811     15.893     19.020      7.205   1
  812     18.353     19.277      9.008   1
  813     18.353     23.275      7.206   1
  814     14.888     21.275      5.405   1
  815     17.345     17.021      5.406   1
  816     16.415     24.910      9.649   0
  817     16.416     17.643      6.565   0
  818     18.872     20.655      9.649   0
  819     16.897     23.036      7.849   0
  820     15.820     20.135      6.046   0
  821     18.874     21.897      6.564   0
  822     15.821     22.416      4.764   0
  823     16.898     19.513      8.367   0
  824     18.278     24.390      6.049   0
  825     19.353     23.769      8.367   0
  826     19.354     18.781      7.849   0
  827     18.277     18.161      4.764   0
  828     15.893     23.530     14.414   1
  829     15.895     19.019     12.611   1
  830     18.351     19.275     14.413   1
  831     18.351     23.274     12.610   1
  832     14.885     21.276     10.812   1
  833     17.344     17.021     10.809   1
  834     16.416     24.910     15.056   0
  835     16.416     17.641     11.969   0
  836     18.873     20.655     15.055   0
  837     16.897     23.039     13.254   0
  838     15.821     20.134     11.453   0
  839     18.873     21.899     11.970   0
  840     15.822     22.418     10.169   0
  841     16.897     19.513     13.772   0
  842     18.279     24.390     11.452   0
  843     19.352     23.769     13.772   0
  844     19.355     18.783     13.253   0
  845     18.278     18.161     10.168   0
  846     15.894     23.531     19.820   1
  847     15.897     19.021     18.017   1
  848     18.352     19.276     19.820   1
  849     18.352     23.277     18.017   1
  850     14.889     21.274     16.217   1
  851     17.346     17.021     16.214   1
  852     16.417     24.909     20.461   0
  853     16.416     17.641     17.377   0
  854     18.873     20.653     20.461   0
  855     16.897     23.038     18.659   0
  856     15.822     20.135     16.857   0
  857     18.873     21.896     17.376   0
  858     15.819     22.417     15.573   0
  859     16.898     19.513     19.179   0
  860     18.277     24.390     16.856   0
  861     19.354     23.768     19.177   0
  862     19.354     18.782     18.659   0
  863     18.278     18.163     15.574   0
