   241294236696100.19       -406197617978216.50        253130513241361.78       -103223919785357.47     
  -406197617978152.44        1200194286804143.0       -1252569016776722.0        980491217506405.50       -704686069152280.88     
   253130513241207.97       -1252569016776590.2        1623695589736884.8       -1460492922526800.8        1137780593554604.0       -842907103912644.12     
  -103223919785063.55        980491217506253.50       -1460492922526907.2        1467470846458005.2       -1227852395421207.0        943009777228121.75       -700305247002490.00     
  -704686069152067.12        1137780593554538.8       -1227852395420976.0        1100073124264919.8       -884345399236880.12        671308738405352.75       -497314433082388.94     
  -842907103912584.12        943009777227947.62       -884345399236914.12        746199390041875.62       -585740536985019.12        440817868024888.12       -325499589914959.94     
  -700305247002231.00        671308738405224.62       -585740536984837.12        477663307322135.69       -369409719867058.94        276257774620387.38       -203336285054876.78     
  -497314433082195.94        440817868024626.50       -369409719866937.62        295191049147654.12       -226123259421063.31        168305842433121.34       -123507058694148.12     
  -325499589914734.69        276257774620250.75       -226123259421006.84        178500955566265.75       -135899019203190.02        100783978783424.67       -73744555356577.344     
  -203336285054664.25        168305842432952.62       -135899019203070.05        106528901457579.17       -80794354618968.875        59744356197544.602       -43589700450260.914     
  -123507058693964.25        100783978783272.58       -80794354618916.109        63119423337586.852       -47768897914344.094        35238326708650.641       -25632941571054.980     
  -73744555356480.969        59744356197527.812       -47768897914369.695        37296070364451.008       -28202493881556.074        20761150669814.273       -15053012790766.264     
  -43589700450268.898        35238326708692.789       -28202493881575.926        22057192937239.137       -16684088016549.193        12258781632186.664       -8856186310653.9102     
  -25632941571090.664        20761150669831.520       -16684088016549.486        13098550909792.957       -9920689186715.1738        7276397944968.2793       -5235157350196.8076     
  -15053012790781.164        12258781632187.934       -9920689186715.9824        7834162256092.7969       -5946910433968.7852        4354283428244.9956       -3118047831408.6440     
  -8856186310654.1074        7276397944967.3584       -5946910433967.0781        4732871166187.0342       -3604135219736.0200        2634380647689.1768       -1876282547408.8503     
  -5235157350201.9141        4354283428250.7754       -3604135219743.6895        2896314526168.0298       -2214505678231.0854        1615831932791.7312       -1143795678433.6716     
  -3118047831417.9980        2634380647701.6333       -2214505678237.5132        1800157454435.2986       -1383056716702.4082        1007365893436.4872       -708194512006.46545     
  -1876282547421.2905        1615831932799.5808       -1383056716704.4241        1139055454912.7104       -879961349223.22192        639776823346.46094       -446393976498.52264     
  -1143795678439.2810        1007365893436.9314       -879961349222.09180        735146585067.34229       -571345431920.09363        414650164579.89990       -286991920091.39764     
  -708194512007.37671        639776823346.43018       -571345431921.17737        484566986532.99347       -378975400696.60413        274554429903.85318       -188441403853.41724     
  -446393976499.13379        414650164581.34399       -378975400696.98401        326382162644.75000       -256888570262.95416        185793456035.05286       -126445834874.85635     
  -286991920093.28058        274554429904.82016       -256888570263.62558        224601004888.73715       -177880243161.36804        128449338340.98547       -86696873168.352341     
  -188441403854.93472        185793456036.50687       -177880243162.32523        157775988153.70212       -125694114952.14851        90635972172.121368       -60692125414.956322     
  -126445834876.52150        128449338342.28157       -125694114952.55659        112985346225.01529       -90502649936.970963        65177657300.287071       -43323289835.786346     
  -86696873169.510635        90635972172.322983       -90502649936.719635        82342008154.962540       -66283267000.694008        47683194021.955597       -31481136196.594837     
  -60692125415.511101        65177657300.406479       -66283267000.984772        60959659403.515160       -49287705615.544525        35423668130.374283       -23244903732.989944     
  -43323289836.292259        47683194022.508392       -49287705615.766708        45760573287.566650       -37143205001.813454        26674206864.456341       -17408335684.706379     
  -31481136197.529221        35423668131.027710       -37143205002.261604        34771365475.204361       -28320267280.811352        20324644895.150024       -13200343378.961065     
  -23244903733.814297        26674206865.114487       -28320267281.064079        26702973563.345104       -21814283735.946579        15646906098.499241       -10118784140.778502     
  -17408335685.426510        20324644895.543854       -21814283736.118816        20697295141.753788       -16952815228.510727        12154366193.766703       -7830422272.7062616     
  -13200343379.357683        15646906098.715929       -16952815228.576948        16172353564.963146       -13277347183.071171        9515673600.4206200       -6109936598.4274368     
  -10118784140.958107        12154366193.782183       -13277347183.007263        12726289904.299253       -10469645210.023209        7501147595.3768682       -4802193428.6676722     
  -7830422272.7648230        9515673600.3885460       -10469645210.040531        10076882506.855808       -8305142069.0743999        5948897912.4344072       -3798541473.2338462     
  -6109936598.4901609        7501147595.4841499       -8305142069.1666775        8022803887.2137690       -6622929301.0330086        4743044037.3653641       -3021667588.2097559     
  -4802193428.8257647        5948897912.5714588       -6622929301.0764151        6418369751.0471287       -5306100023.6886168        3799467767.6770649       -2415754125.1068215     
  -3798541473.4087100        4743044037.4508600       -5306100023.7283945        5156792962.7747049       -4268646967.3368926        3056330206.1165247       -1939970177.8212726     
  -3021667588.3302803        3799467767.7610722       -4268646967.3879070        4158886602.3721356       -3446580647.9190326        2467651861.9394460       -1564093383.2537532     
  -2415754125.2039289        3056330206.1891675       -3446580647.9483447        3365316977.4125257       -2791810270.9748249        1998895285.7420433       -1265515971.4062583     
  -1939970177.9036899        2467651861.9866767       -2791810270.9940228        2731208359.6900239       -2267863688.0532560        1623878893.9150622       -1027165241.5741793     
  -1564093383.2985630        1998895285.7625237       -2267863688.0580878        2222331427.1989665       -1846851600.2238662        1322590226.5748332       -836038040.83662891     
  -1265515971.4245656        1623878893.9261024       -1846851600.2349668        1812375143.3913143       -1507286750.7287962        1079616451.1560760       -682154062.20054078     
  -1027165241.5731063        1322590226.5793135       -1507286750.7267008        1480970928.6757646       -1232499244.3359041        883004704.27078474       -557799120.28440917     
  -836038040.82214963        1079616451.1379635       -1232499244.3216405        1212246437.9601996       -1009473136.1179349        723425850.10223854       -456972016.79334724     
  -682154062.16849470        883004704.24470747       -1009473136.1073221        993756905.55468011       -827984395.89806879        593555087.24756229       -374976196.76205844     
  -557799120.24893332        723425850.08252573       -827984395.88957739        815688749.55148566       -679956873.72161233        487609284.00774485       -308115598.90708017     
  -456972016.76343131        593555087.22932696       -679956873.71274066        670261510.53009200       -558977523.45848644        400998737.43434203       -253466292.49132401     
  -374976196.73480177        487609283.98891759       -558977523.44786024        551275585.96042478       -459928995.99642771        330063225.27451134       -208703773.48773298     
  -308115598.88169891        400998737.41598797       -459928995.98794752        453768000.05816871       -378709405.26984411        271870653.87366039       -171971494.73297533     
  -253466292.47014433        330063225.26173109       -378709405.26454914        373748795.52542943       -312017285.85162413        224062522.34807754       -141780181.90438706     
  -208703773.47462568        271870653.86699319       -312017285.84976834        307997967.60867167       -257185602.99976081        184734625.33531350       -116930295.11901021     
  -171971494.72581044        224062522.34589520       -257185602.99991140        253908117.86697701       -212052876.30702001        152344433.30000156       -96452000.409663185     
  -141780181.90054378        184734625.33439842       -212052876.30652216        209361812.51380318       -174862528.36196110        125638776.80906925       -79558461.549169943     
  -116930295.11551516        152344433.29764202       -174862528.36049324        172635413.55233756       -144183804.64074078        103597061.94078569       -65609316.114174455     
  -96452000.404890835        125638776.80531539       -144183804.63841796        142323201.88610792       -118849260.98992707        85386424.601024151       -54081973.863515668     
  -79558461.543524638        103597061.93640542       -118849260.98778598        117277133.56569149       -97905041.577547491        70326108.439835876       -44548949.129442304     
  -65609316.108520560        85386424.597233057       -97905041.575752571        96558705.998699382       -80571086.607130259        57859006.125166006       -36659867.126016498     
  -54081973.859331191        70326108.437328503       -80571086.606257245        79400261.995539710       -66209096.622367479        47528795.461892247       -30127105.627392378     
  -44548949.127380371        57859006.124519907       -66209096.622435175        65173699.214909419       -54296597.473968379        38961472.105780147       -24714276.635104280     
  -36659867.125810467        47528795.462080874       -54296597.473933242        53365034.153616093       -44405839.630898669        31850360.424538765       -20226937.007295366     
  -30127105.628426071        38961472.106565244       -44405839.631638825        43553632.453600660       -36186559.334411234        25943895.469913412       -16505057.624234773     
  -24714276.636695910        31850360.426078767       -36186559.335236989        35395190.463706605       -29351850.368530918        21035629.216979031       -13416888.003720440     
  -20226937.009368468        25943895.471339509       -29351850.369172394        28607758.248511314       -23666561.952985208        16956035.475287564       -10853935.408736248     
  -16505057.626024595        21035629.218147453       -23666561.953596082        22960248.599282444       -18937763.741563566        13565779.742801800       -8726840.3109962102     
  -13416888.005041637        16956035.476213813       -18937763.741965715        18262992.502625529       -15006913.429322219        10750189.920471940       -6961978.1556159034     
  -10853935.409481484        13565779.743131904       -15006913.429321172        14359988.763241658       -11743433.858800873        8414716.7629346587       -5498654.0558181917     
  -8726840.3111035209        10750189.920305025       -11743433.858641515        11122561.437106524       -9039460.7712697126        6481213.3090203591       -4286785.0368030416     
  -6961978.1553028086        8414716.7626199443       -9039460.7711012755        8444189.1186233405       -6805563.9835973000        4884893.6011347007       -3284985.7499204166     
  -5498654.0554537391        6481213.3087940635       -6805563.9835304394        6236309.1190397618       -4967277.2405402102        3571855.1149246925       -2458989.8100876040     
  -4286785.0365024898        4884893.6009569401       -4967277.2404177152        4424930.4358376851       -3462297.8190158280        2497068.3559594792       -1780351.3024714731     
  -3284985.7496756590        3571855.1147084935       -3462297.8189036176        2947914.4127833485       -2238238.0191382384        1622752.3702810504       -1225380.5279358134     
  -2458989.8098845528        2497068.3558384813       -2238238.0191123723        1752802.8222233269       -1250828.2778114406        917067.45857864665       -774275.47707302333     
  -1780351.3023751918        1622752.3702619942       -1250828.2778141047        795090.89640991390       -462486.70082663576        353066.90892046812       -410416.40583866235     
  -1225380.5279128863        917067.45857532520       -462486.70082450268        36858.350030192640        158817.06114410647       -92141.449061723353       -119795.65980164643     
  -774275.47707152728        353066.90892645635        158817.06113221392       -554314.83351095254        640464.08537376847       -438065.26793170208        109441.11760175598     
  -410416.40588837676       -92141.449001433561        640464.08532559557       -1006208.8613395933        1005904.8246578579       -701363.85191154433        287362.83745453483     
  -119795.65992789723       -438065.26781476435        1005904.8245861616       -1342650.9801307057        1275235.2683923589       -896279.03655188042        422547.32237345324     
   109441.11742904995       -701363.85177174944        1275235.2683166752       -1584069.2617000300        1465663.7732674005       -1034984.0772355885        522316.93635585968     
   287362.83726156247       -896279.03640892019        1465663.7731935245       -1747945.4989167706        1591894.7924951743       -1127869.2596359532        592927.85081488092     
   422547.32218198839       -1034984.0770967318        1591894.7924200434       -1849192.1967605487        1666449.8172634963       -1183778.9976459912        639723.14926332654     
   522316.93618887797       -1127869.2595129372        1666449.8172020335       -1900472.5944226554        1699940.8929547525       -1210211.8394845137        667258.04572314071     
   592927.85066417360       -1183778.9975422875        1699940.8929070327       -1912477.6802218370        1701308.0218307027       -1213492.0195697846        679403.79410997394     
   639723.14911843475       -1210211.8393856054        1701308.0217760541       -1894170.1802343165        1678028.5378493248       -1198918.9309645051        679435.39745884272     
   667258.04558771057       -1213492.0194669876        1678028.5377933478       -1853002.4127203724        1636304.0485047521       -1170899.1007011905        670106.98339639255     
   679403.79397328431       -1198918.9308656671        1636304.0484579364       -1795112.5904759401        1581228.6853632443       -1133063.8722740740        653717.68658872752     
   679435.39733207668       -1170899.1006184756        1581228.6853227788       -1725502.5031994276        1516941.0871225244       -1088374.9787946430        632170.05864728277     
   670106.98329505976       -1133063.8722077454        1516941.0870920869       -1648198.3985074142        1446761.6551201628       -1039219.4673307561        607022.39165963978     
   653717.68651280564       -1088374.9787459774        1446761.6550966089       -1566396.1891663589        1373316.0759148807       -987494.95166617690        579535.87180263537     
   632170.05860415963       -1039219.4673024896        1373316.0759027775       -1482591.7389415596        1298645.8123136319       -934685.87385868083        550717.14934632578     
   607022.39164562966       -987494.95166475233        1298645.8123234950       -1398696.8280567781        1224306.1475505261       -881931.29528661002        521356.69458032981     
   579535.87180944276       -934685.87387876143        1224306.1475640563       -1316141.3923599664        1151452.3632922657       -830084.67259897385        492063.18260971888     
   550717.14936074323       -881931.29529779428        1151452.3632925770       -1235962.7059236446        1080914.6917727075       -779766.07071711600        463294.08758484508     
   521356.69458567246       -830084.67259456892        1080914.6917663030       -1158882.2879923896        1013262.7684709266       -731407.29312628577        435382.65111652925     
   492063.18260857812       -779766.07071199315        1013262.7684703575       -1085371.4289188860        948860.39653751708       -685290.45158062538        408561.39980029524     
   463294.08758836170       -731407.29313617572        948860.39655073709       -1015706.3228785606        887911.50245632150       -641580.53592628962        382982.41272912460     
   435382.65112547326       -685290.45159722364        887911.50246420526       -950013.85725083144        830498.20312520198       -600352.57367582677        358734.56874367828     
   408561.39981292054       -641580.53593258606        830498.20312400395       -888309.13347121770        776611.91685157816       -561613.98199109698        335858.02948509954     
   382982.41273479915       -600352.57367430069        776611.91685051238       -830525.78507141175        726178.43426600005       -525322.71091938147        314356.23273403681     
   358734.56874188886       -561613.98199172353        726178.43426958402       -776540.11812095239        679077.82409290550       -491401.75713715336        294205.67990939436     
   335858.02947785606       -525322.71091728006        679077.82408976066       -726190.03387700452        635159.98832725151       -459750.59444099449        275363.80165715242     
   314356.23271988420       -491401.75712287432        635159.98831667041       -679289.61102497717        594256.60789103538       -430254.02459593385        257775.17624773970     
   294205.67988972296       -459750.59442340187        594256.60788232309       -635640.13161535957        556190.13853174145       -402788.90201249113        241376.35929907640     
   275363.80163709115       -430254.02458261093        556190.13852627098       -595038.23745816166        520780.43250331475       -377229.13271798746        226099.56194726672     
   257775.17623418616       -402788.90200416121        520780.43249845540       -557281.80648178339        487849.47872168716       -353449.29433244804        211875.38960518077     
   241376.35929398434       -377229.13271290733        487849.47871874052       -522174.04613393149        457224.67565619195       -331327.17160061997        198634.82723913665     
   226099.56194727137       -353449.29433118360        457224.67565545818       -489526.21564478509        428740.97920208011       -310745.45351701498        186310.63030195521     
   211875.38960711195       -331327.17160171160        428740.97920317721       -459159.31266762398        402242.20385063341       -291592.79374633735        174838.25529765652     
   198634.82723664431       -310745.45351455378        402242.20384733652       -430904.99329424457        377581.69941436622       -273764.39719063317        164156.44041951140     
   186310.63029427783       -291592.79373666079        377581.69940647291       -404605.93717891880        354622.57811266958       -257162.26187213912        154207.52566610128     
   174838.25528554595       -273764.39717864263        354622.57810706459       -380115.82210075401        333237.62727586005       -241695.17685053940        144937.58362207547     
   164156.44040611666       -257162.26186459078        333237.62727392546       -357299.03336563101        313309.01048601809       -227278.55351938843        136296.41630021908     
   154207.52565488598       -241695.17684557117        313309.01048386528       -336030.20185102808        294727.83395691495       -213834.14831636799        128237.46078290165     
   144937.58361117271       -227278.55351161651        294727.83395172207       -316193.63971137395        277393.63426552509       -201289.71994897432        120717.63567973825     
   136296.41628870007       -213834.14830742043        277393.63426151650       -297682.72318710852        261213.82773512372       -189578.65213312506        113697.15203074344     
   128237.46077112034       -201289.71994201429        261213.82773220298       -280399.25745505991        246103.14956506455       -178639.56375367328        107139.30566860043     
   120717.63567048789       -189578.65212719727        246103.14956138268       -264252.84717995091        231983.10166025491       -168415.92139723117        101010.26307500021     
   113697.15202527374       -178639.56374892330        231983.10165799924       -249160.28816970560        218781.42135105710       -158855.66413880730        95278.848894079856     
   107139.30566685718       -168415.92139708277        218781.42135285179       -235044.98956183065        206431.57840658847       -149910.84664441683        89916.340358075206     
   101010.26307545567       -158855.66414220116        206431.57840950557       -221836.43187417937        194872.30430571386       -141537.30396009120        84896.271878378961     
   95278.848894492359       -149910.84664554000        194872.30430477249       -209469.66319697205        184047.15526030117       -133694.33954603618        80194.251735973259     
   89916.340354876535       -141537.30395558942        184047.15525718976       -197884.83374577662        173904.10898657847       -126344.43693781729        75787.791544767053     
   84896.271870001525       -133694.33953998861        173904.10898424059       -187026.76790266996        164395.19427056800       -119452.99439662645        71656.148643555076     
   80194.251725538488       -126344.43693117115        164395.19426639701       -176844.57203541795        155476.15157561068       -112988.08155334558        67780.181114981693     
   75787.791535126817       -119452.99438891014        155476.15157154651       -167291.27579332780        147106.12275012277       -106920.21676626733        64142.214824659859     
   71656.148635074642       -112988.08154793721        147106.12274833120       -158323.50454619693        139247.36772243946       -101222.16367819588        60725.921749796413     
   67780.181110016623       -106920.21676431751        139247.36772203227       -149901.18054170912        131865.00600129418       -95868.745512653637        57516.208800548688     
   64142.214823570357       -101222.16367867458        131865.00600235388       -141987.25033679893        124926.78091273591       -90836.675647590426        54499.116284134398     
   60725.921750338610       -95868.745514449038        124926.78091408573       -134547.43625396074        118402.84459017747       -86104.403018909506        51661.725234933350     
   57516.208801911402       -90836.675648926335        118402.84459049157       -127550.00972284627        112265.56183313680       -81651.971079689203        48992.072832753467     
   54499.116286577104       -86104.403020566839        112265.56183445490       -120965.58448400773        106489.33114610345       -77460.889081209112        46479.075210310592     
   51661.725239034298       -81651.971083978293        106489.33114942763       -114766.92786993955        101050.42137736407       -73514.014551660322        44112.456945335580     
   48992.072838748674       -77460.889087229822        101050.42138086873       -108928.78850426509        95926.822532976890       -69795.445935520562        41882.686660130996     
   46479.075216679601       -73514.014556493858        95926.822534863575       -103427.73890083800        91098.109443626410       -66290.424478404879        39780.918156801112     
   44112.456951395310       -69795.445938951889        91098.109444999704       -98242.031570182211        86545.317111711265       -62985.244496918480        37798.936611495570     
   41882.686666093025       -66290.424482520204        86545.317114560734       -93351.467412022714        82250.826668887923       -59867.171294355467        35929.109316122391     
   39780.918163206486       -62985.244502866983        82250.826672646406       -88737.275273144856        78198.260991708739       -56924.365979002170        34164.340598923256     
   37798.936617661588       -59867.171299498848        78198.260993990552       -84382.001664760508        74372.389067898068       -54145.816609424037        32498.030511033674     
   35929.109319583957       -56924.365980834125        74372.389068191944       -80269.409687111387        70759.038359179671       -51521.275060366861        30924.036978468786     
   34164.340597891787       -54145.816607488014        70759.038357230631       -76384.386373974266        67345.014411315002       -49041.199126253552        29436.641065003871     
   32498.030506396102       -51521.275055636615        67345.014408283503       -72712.857663831121        64118.027090379197       -46696.699361277490        28030.515103784841     
   30924.036972281931       -49041.199120891040        64118.027087392955       -69241.710359463614        61066.622834778573       -44479.490274666365        26700.693429503288     
   29436.641059947484       -46696.699357743753        61066.622833699308       -65958.720418734956        58180.122419672414       -42381.845475613438        25442.545488398813     
   28030.515101186291       -44479.490274018652        58180.122419942054       -62852.487070384741        55448.563738752448       -40396.556435088351        24251.751099571185     
   26700.693429750463       -42381.845476598872        55448.563739352729       -59912.372209112938        52862.649168790515       -38516.894530964310        23124.277715679054     
   25442.545489892411       -40396.556436330829        52862.649169550874       -57128.444632381521        50413.697117116513       -36736.576130705515        22056.359475530204     
   24251.751100743884       -38516.894531892292        50413.697117411633       -54491.428686117244        48093.597408619127       -35049.730407710056        21044.477916656098     
   23124.277716396035       -36736.576130768219        48093.597408273839       -51992.656972380966        45894.770165981186       -33450.869693371467        20085.344205543141     
   22056.359475292171       -35049.730407128474        45894.770165810500       -49624.026737515283        43810.127904034111       -31934.862140149373        19175.882746481348     
   21044.477915484109       -33450.869692594490        43810.127903426037       -47377.959662274421        41833.040562212875       -30496.906489707042        18313.216056858564     
   20085.344203842473       -31934.862138504319        41833.040561086214       -45247.364756873329        39957.303225655232       -29132.508786552247        17494.650811675729     
   19175.882743943559       -30496.906487435426        39957.303224323397       -43225.604093625610        38177.106316339574       -27837.460871461517        16717.664953994667     
   18313.216054220582       -29132.508784473845        38177.106315313620       -41306.461157968944        36487.008054039266       -26607.820506574128        15979.895779098739     
   17494.650809632276       -27837.460870117415        36487.008053511905       -39484.111598326817        34881.908995910475       -25439.892996660819        15279.128925035970     
   16717.664952846113       -26607.820506005424        34881.908995776947       -37753.096174731319        33357.028485464522       -24330.214193194352        14613.288183490144     
   15979.895778372838       -25439.892996417264        33357.028485448318       -36108.295731191909        31907.882862734172       -23275.534760833401        13980.426070083366     
   15279.128923924054       -24330.214192372394        31907.882861956918       -34544.908030482227        30530.265286097685       -22272.805606488448        13378.715093021914     
   14613.288181716940       -23275.534758958729        30530.265284844667       -33058.426300324056        29220.227043192925       -21319.164385057571        12806.439668543018     
   13980.426067681878       -22272.805604422807        29220.227042187897       -31644.619351794950        27974.060228817481       -20411.922990504401        12261.988619922786     
   13378.715090684198       -21319.164383518106        27974.060228131264       -30299.513149233462        26788.281684020232       -19548.555949660622        11743.848228014245     
   12806.439667055132       -20411.922989585484        26788.281683605164       -29019.373719406871        25659.618094850903       -18726.689663703706        11250.595782301274     
   12261.988619355267       -19548.555949489750        25659.618095040110       -27800.691288561273        24584.992168570097       -17944.092418257536        10780.893594461915     
   11743.848228024430       -18726.689664090616        24584.992168830839       -26640.165562901133        23561.509793757108       -17198.665103979853        10333.483435668108     
   11250.595782727776       -17944.092418572858        23561.509793825982       -25534.692052707196        22586.448112064067       -16488.432595482431        9907.1813749835255     
   10780.893595029562       -17198.665104303724        22586.448112286638       -24481.349364456648        21657.244432644897       -15811.535743522862        9500.8729806470965     
   10333.483436228678       -16488.432596030339        21657.244433042244       -23477.387387824921        20771.485928580620       -15166.223925425425        9113.5088517667718     
   9907.1813754954055       -15811.535743949444        20771.485928635651       -22520.216314307763        19926.900050074732       -14550.848109945156        8744.1004681570485     
   9500.8729810788354       -15166.223925488594        19926.900050051503       -21607.396415204610        19121.345600095261       -13963.854411322802        8391.7163263579223     
   9113.5088519575675       -14550.848110104220        19121.345600323795       -20736.628523682466        18352.804431085711       -13403.778082502315        8055.4783390001303     
   8744.1004683690553       -13963.854411647464        18352.804431213859       -19905.745179813668        17619.373708693809       -12869.237918394056        7734.5584821419898     
   8391.7163268943168       -13403.778082823526        17619.373708838331       -19112.702375755918        16919.258702306695       -12358.931043186745        7428.1756733689572     
   8055.4783397457923       -12869.237918991377        16919.258702771203       -18355.571861641260        16250.766065849479       -11871.628051338379        7135.5928591120801     
   7734.5584830978569       -12358.931044121431        16250.766066411166       -17632.533973068636        15612.297572102829       -11406.168472668749        6856.1142971481331     
   7428.1756743705237       -11871.628052137701        15612.297572469553       -16941.870943000366        15002.344266797667       -10961.456542873630        6589.0830249707524     
   7135.5928597109278       -11406.168472995510        15002.344266851789       -16281.960657581605        14419.481011990880       -10536.457257404778        6333.8784903089600     
   6856.1142972289099       -10961.456542733788        14419.481011792865       -15651.270827988499        13862.361393237072       -10130.192681133907        6089.9143451220370     
   6589.0830246989563       -10536.457257021366        13862.361393002770       -15048.353549632006        13329.712959019327       -9741.7385076949631        5856.6363820514043     
   6333.8784900454893       -10130.192680955895        13329.712959022001       -14471.840213640593        12820.332775981664       -9370.2208403807708        5633.5206048721111     
   6089.9143450402662       -9741.7385077542749        12820.332776038944       -13920.436757562986        12333.083273009499       -9014.8131823060430        5420.0714263325326     
   5856.6363821617415       -9370.2208404781813        12333.083273047858       -13392.919222094959        11866.888354091385       -8674.7336238152220        5215.8199827186554     
   5633.5206049874068       -9014.8131823710119        11866.888354121578       -12888.129593950436        11420.729763106641       -8349.2422100956228        5020.3225551358510     
   5420.0714263773234       -8674.7336237932523        11420.729763016001       -12404.971918306848        10993.643681742062       -8037.6384758760478        4833.1590946248743     
   5215.8199827318876       -8349.2422099744854        10993.643681644862       -11942.408659901199        10584.717543920688       -7739.2591406797519        4653.9318389338314     
   5020.3225551630567       -8037.6384758485465        10584.717543926192       -11499.457293520180        10193.087053460424       -7453.4759466727237        4482.2640192244653     
   4833.1590947739278       -7739.2591408040398        10193.087053545365       -11075.187113054079        9817.9333890162288       -7179.6936358221919        4317.7986463180059     
   4653.9318392133055       -7453.4759469200771        9817.9333891896331       -10668.716239750700        9458.4805864797399       -6917.3480520814956        4160.1973735695683     
   4482.2640195613203       -7179.6936360968239        9458.4805865922135       -10279.208819693818        9113.9930830772464       -6665.9043619212862        4009.1394312558332     
   4317.7986467530591       -6917.3480523570242        9113.9930832334412       -9905.8723938297790        8783.7734146612293       -6424.8553867156606        3864.3206275890943     
   4160.1973741028860       -6665.9043623391526        8783.7734149168955       -9547.9554317485054        8467.1600561030791       -6193.7200377488261        3725.4524098439292     
   4009.1394318573543       -6424.8553871808381        8467.1600563257471       -9204.7450185208527        8163.5253946253515       -5972.0418462164434        3592.2609840636846     
   3864.3206282044871       -6193.7200381242765        8163.5253947603805       -8875.5646833823794        7872.2738263390702       -5759.3875842221032        3464.4864889303176     
   3725.4524104051834       -5972.0418465385428        7872.2738265184889       -8559.7723595052903        7592.8399692208832       -5555.3459697800254        3341.8822199397728     
   3592.2609844930744       -5759.3875845415023        7592.8399693900710       -8256.7584686630489        7324.6869846542513       -5359.5264497461967        3224.2138986930368     
   3464.4864892487917       -5555.3459699738196        7324.6869846931422       -7965.9441225094379        7067.3050002630735       -5171.5580550956465        3111.2589884330514     
   3341.8822201348567       -5359.5264497891530        7067.3050002566997       -7686.7794311379339        6820.2096262385994       -4991.0883268477337        3002.8060497485631     
   3224.2138988154020       -5171.5580551598587        6820.2096262984469       -7418.7419115895791        6582.9405616184113       -4817.7823045578607        2898.6541343412368     
   3111.2589886150436       -4991.0883270122558        6582.9405617156162       -7161.3349937364346        6355.0602828586907       -4651.3215749928022        2798.6122150146862     
   3002.8060500832039       -4817.7823048153186        6355.0602830098978       -6914.0866130211207        6136.1528097146911       -4491.4033772305002        2702.4986494140826     
   2898.6541348046594       -4651.3215753497043        6136.1528099138186       -6676.5478863223079        5925.8225437898691       -4337.7397602557230        2610.1406749892690     
   2798.6122155980065       -4491.4033776564966        5925.8225440018778       -6448.2918653893121        5723.6931751198781       -4190.0567895135864        2521.3739335126543     
   2702.4986500373529       -4337.7397606742852        5723.6931753239032       -6228.9123638278998        5529.4066527762507       -4048.0938000672595        2436.0420235365550     
   2610.1406755800349       -4190.0567899009320        5529.4066529539186       -6018.0228515500203        5342.6222145424263       -3911.6026926786499        2353.9960787367727     
   2521.3739339946428       -4048.0938003638262        5342.6222146765676       -5815.2554130172257        5163.0154729965025       -3780.3472707792703        2275.0943702024560     
   2436.0420238282290       -3911.6026928346046        5163.0154730300746       -5620.2597660695501        4990.2775541799929       -3654.1026149622021        2199.2019313059286     
   2353.9960787999248       -3780.3472707310043        4990.2775541006868       -5432.7023367812935        4824.1142851428831       -3532.6544932313745        2126.1902045355187     
   2275.0943700871076       -3654.1026147864218        4824.1142850126043       -5252.2653865262400        4664.2454274511310       -3415.7988049074042        2055.9367082086678     
   2199.2019311540344       -3532.6544930867249        4664.2454274043830       -5078.6461885054423        4510.4039544687566       -3303.3410561565952        1988.3247223497190     
   2126.1902044001399       -3415.7988048557481        4510.4039544682219       -4911.5562512285387        4362.3353694841599       -3195.0958649112304        1923.2429911972604     
   2055.9367080975767       -3303.3410560981242        4362.3353694306097       -4750.7205859672022        4219.7970620463766       -3090.8864929350816        1860.5854432977533     
   1988.3247221996169       -3195.0958647580019        4219.7970619399748       -4595.8770146575553        4082.5576996691475       -2990.5444047736501        1800.2509267083024     
   1923.2429909849898       -3090.8864927547875        4082.5576995852139       -4446.7755158800255        3950.3966539000962       -2893.9088506139933        1742.1429597693850     
   1860.5854430548625       -2990.5444046171374        3950.3966538308355       -4303.1776079287220        3823.1034577934970       -2800.8264728432177        1686.1694939356496     
   1800.2509265004287       -2893.9088504816245        3823.1034577216610       -4164.8557653269436        3700.4772936114637       -2711.1509328883194        1632.2426912325602     
   1742.1429596033176       -2800.8264727218971        3700.4772935552278       -4031.5928679592748        3582.3265079133812       -2624.7425600852966        1580.2787132645317     
   1686.1694937982447       -2711.1509328217921        3582.3265079089101       -3903.1816793387616        3468.4681539372104       -2541.4680187888221        1530.1975217608403     
   1632.2426911345572       -2624.7425600543052        3468.4681539191392       -3779.4243543171542        3358.7275582427387       -2461.1999935343038        1481.9226893987561     
   1580.2787132014796       -2541.4680187462050        3358.7275582242214       -3660.1319730345413        3252.9379111500361       -2383.8168911708008        1435.3812220702468     
   1530.1975217063698       -2461.1999935099775        3252.9379111483204       -3545.1240998730905        3150.9398785994044       -2309.2025596609037        1390.5033893169125     
   1481.9226893717869       -2383.8168911755488        3150.9398786096231       -3434.2283656885370        3052.5812355694097       -2237.2460206596197        1347.2225648179669     
   1435.3812220759653       -2309.2025596706158        3052.5812355653220       -3327.2800735453870        2957.7165182827312       -2167.8412176867982        1305.4750749256721     
   1390.5033893317138       -2237.2460206704109        2957.7165183036609       -3224.1218239272075        2866.2066956593899       -2100.8867767937613        1265.2000553377609     
   1347.2225648112924       -2167.8412176987381        2866.2066956618301       -3124.6031613706095        2777.9188576284164       -2036.2857801465659        1226.3393152565302     
   1305.4750748867680       -2100.8867767648781        2777.9188576139231       -3028.5802384174785        2692.7259198262550       -1973.9455514186507        1188.8372086637944     
   1265.2000552233596       -2036.2857800709303        2692.7259197843109       -2935.9154977914991        2610.5063439907863       -1913.7774523655662        1152.6405126509201     
   1226.3393150620000       -1973.9455512737686        2610.5063439013616       -2846.4773712402834        2531.1438727503669       -1855.6966904067997        1117.6983115233404     
   1188.8372083823997       -1913.7774521469382        2531.1438726254937       -2760.1399937276769        2454.5272785161960       -1799.6221354980607        1083.9618873533534     
   1152.6405123150628       -1855.6966901472788        2454.5272783694736       -2676.7829330242303        2380.5501248915616       -1745.4761469389614        1051.3846160062706     
   1117.6983111850748       -1799.6221352522953        2380.5501247798575       -2596.2909323851381        2309.1105405440062       -1693.1844089974954        1019.9218687226718     
   1083.9618870255972       -1745.4761467274966        2309.1105404400059       -2518.5536668635623        2240.1110047158309       -1642.6757749377987        989.53091821633416     
   1051.3846157175940       -1693.1844088002983        2240.1110046131157       -2443.4655124550436        2173.4581439488720       -1593.8821188182783        960.17085020913396     
   1019.9218684663840       -1642.6757747581612        2173.4581438638570       -2370.9253267360546        2109.0625386104962       -1546.7381952631274        931.80247902146255     
   989.53091797262130       -1593.8821186631910        2109.0625385413236       -2300.8362401232121        2046.8385396002489       -1501.1815057558892        904.38826743625361     
   960.17084999577480       -1546.7381951222324        2046.8385395190633       -2233.1054585216471        1986.7040940763920       -1457.1521719120474        877.89225095796883     
   931.80247883780362       -1501.1815056220917        1986.7040940204756       -2167.6440752720118        1928.5805800407682       -1414.5928155083895        852.27996549887303     
   904.38826725279660       -1457.1521718006748        1928.5805799869688       -2104.3668926602149        1872.3926493273470       -1373.4484437114038        827.51837862010757     
   877.89225080804738       -1414.5928154044695        1872.3926492681353       -2043.1922528099697        1818.0680781084013       -1333.6663405113322        803.57582461972788     
   852.27996538218554       -1373.4484436308869        1818.0680780825535       -1984.0418761173999        1765.5376249129497       -1295.1959636144120        780.42194249526096     
   827.51837852809786       -1333.6663404727230        1765.5376249024962       -1926.8407082014855        1714.7348958168607       -1257.9888460849741        758.02761691058117     
   803.57582456379112       -1295.1959635816374        1714.7348957906352       -1871.5167744900798        1665.5962160960987       -1221.9985029093862        736.36492233817705     
   780.42194246394206       -1257.9888460516861        1665.5962160804065       -1818.0010417247697        1618.0605082026295       -1187.1803424103464        715.40706966036578     
   758.02761688949704       -1221.9985028969581        1618.0605082003551       -1766.2272860889732        1572.0691756862259       -1153.4915814975143        695.12835565246655     
   736.36492233540844       -1187.1803424121379        1572.0691756873559       -1716.1319680525341        1527.5659926846765       -1120.8911655060356        675.50411460384032     
   715.40706966742164       -1153.4915815021311        1527.5659926881747       -1667.6541131003153        1484.4969990365507       -1089.3396915751850        656.51067238245230     
   695.12835566882416       -1120.8911655152608        1484.4969990379223       -1620.7351984565439        1442.8104001024167       -1058.7993357426460        638.12530293236682     
   675.50411463481134       -1089.3396915979311        1442.8104001235431       -1575.3190448607522        1402.4564715078120       -1029.2337838473445        620.32618656369300     
   656.51067241256840       -1058.7993357750570        1402.4564715221620       -1531.3517137323433        1363.3874685877993       -1000.6081652876661        603.09237024059701     
   638.12530296548380       -1029.2337838597298        1363.3874685807491       -1488.7814094461185        1325.5575399315278       -972.88899015305378        586.40373006766060     
   620.32618658878096       -1000.6081652866778        1325.5575399328579       -1447.5583858729497        1288.9226451495194       -946.04408950283903        570.24093507571672     
   603.09237027285303       -972.88899017820779        1288.9226451650406       -1407.6348575636566        1253.4404765375803       -920.04255794194376        554.58541324184580     
   586.40373012990722       -946.04408954924679        1253.4404765652282       -1368.9649150938776        1219.0703841589007       -894.85469954283565        539.41931866903292     
   570.24093514800211       -920.04255799945781        1219.0703841911939       -1331.5044441181710        1185.7733048890493       -870.45197580987031        524.72550051944097     
   554.58541329300397       -894.85469957319094        1185.7733048907357       -1295.2110488232136        1153.5116944849406       -846.80695629004231        510.48747329879006     
   539.41931867986568       -870.45197579015144        1153.5116944592733       -1260.0439784141115        1122.2494628702530       -823.89327142194657        496.68938860864364     
   524.72550048396022       -846.80695624036912        1122.2494628378988       -1225.9640571636714        1091.9519123885875       -801.68556754949509        483.31600817211313     
   510.48747323798358       -823.89327136610075        1091.9519123561329       -1192.9336176553647        1062.5856788818214       -780.15946404833301        470.35267807442312     
   496.68938854734620       -801.68556750011589        1062.5856788577755       -1160.9164371211689        1034.1186755764065       -759.29151238400641        457.78530417505669     
   483.31600811350307       -780.15946400901134        1034.1186755603630       -1129.8776768072232        1006.5200394937210       -739.05915706961139        445.60032873339475     
   470.35267801331116       -759.29151234434255        1006.5200394711254       -1099.7838239762934        979.76008027580065       -719.44069839047643        433.78470797744808     
   457.78530410885844       -739.05915701807430        979.76008024541034       -1070.6026366284891        953.81023138179307       -700.41525682201382        422.32589069630569     
   445.60032865898387       -719.44069833331048        953.81023135276348       -1042.3030906633296        928.64300345203640       -681.96273897118897        411.21179796416646     
   433.78470791255216       -700.41525677983270        928.64300343609216       -1014.8553294866794        904.23193974634637       -664.06380526903627        400.43080365465823     
   422.32589065251290       -681.96273895484376        904.23193974914147       -988.23061575840688        880.55157369978099       -646.69983893675123        389.97171573000486     
   411.21179793434698       -664.06380526332475        880.55157369643518       -962.40128553046861        857.57738829089124       -629.85291625101354        379.82375854394263     
   400.43080363558482       -646.69983892212770        857.57738827958337       -937.34070428826180        835.28577716576024       -613.50577842110806        369.97655586178507     
   389.97171571043856       -629.85291623622811        835.28577716208474       -913.02322485345633        813.65400767351036       -597.64180450526271        360.42011460913557     
   379.82375852632282       -613.50577841449012        813.65400767062806       -889.42414743479321        792.66018538606659       -582.24498552871853        351.14480937485132     
   369.97655585325651       -597.64180450051037        792.66018538380706       -866.51968117652211        772.28322017091568       -567.29989982263191        342.14136759537769     
   360.42011459854018       -582.24498552106229        772.28322016600885       -844.28690745552422        752.50279383174893       -552.79168940647446        333.40085536680562     
   351.14480935828459       -567.29989980714231        752.50279381922178       -822.70374488399830        733.29932915697736       -538.70603739534533        324.91466387570841     
   342.14136756793204       -552.79168937977499        733.29932914117819       -801.74891581954216        714.65396031806995       -525.02914641072960        316.67449640298844     
   333.40085532960381       -538.70603736526084        714.65396030095360       -781.40191426009937        696.54850448581317       -511.74771786446536        308.67235599127645     
   324.91466383876656       -525.02914638358857        696.54850447379124       -761.64297514532916        678.96543472217434       -498.84893227816076        300.90053352590741     
   316.67449636899352       -511.74771784426531        678.96543471355108       -742.45304501126202        661.88785410166520       -486.32043030632258        293.35159634031010     
   308.67235596038836       -498.84893225720714        661.88785408860838       -723.81375397936631        645.29947085373590       -474.15029459783500        286.01837743385892     
   300.90053349801678       -486.32043028396816        645.29947084252433       -705.70738880892884        629.18457457203090       -462.32703256983683        278.89396500674826     
   293.35159631133541       -474.15029457860754        629.18457456365525       -688.11686713903509        613.52801354645101       -450.83955972674067        271.97169251753024     
   286.01837740393404       -462.32703254877100        613.52801353316784       -671.02571295984808        598.31517292660840       -439.67718380959906        265.24512911501716     
   278.89396497763101       -450.83955970294488        598.31517291439138       -654.41803292961333        583.53195389905818       -428.82958956767635        258.70807052930849     
   271.97169249093150       -439.67718379083988        583.53195389017401       -638.27849384020033        569.16475370162289       -418.28682419403015        252.35453032179734     
   265.24512909794061       -428.82958955738786        569.16475369844397       -622.59230094247744        555.20044648486646       -408.03928336556817        246.17873144478210     
   258.70807052384572       -418.28682419327430        555.20044648626083       -607.34517721543955        541.62636498219149       -398.07769781654736        240.17509830810044     
   252.35453032757087       -408.03928337238239        541.62636498742995       -592.52334352253592        528.43028293050486       -388.39312061882043        234.33824897555382     
   246.17873145495835       -398.07769782734510        528.43028293752707       -578.11349955305150        515.60039829234449       -378.97691480638144        228.66298790032732     
   240.17509831050728       -388.39312062016785        515.60039828902222       -564.10280562421940        503.12531705396134       -369.82074167582482        223.14429872748636     
   234.33824896384539       -378.97691479125308        503.12531704195135       -550.47886515668347        490.99403783689780       -360.91654942286550        217.77733759417606     
   228.66298787313860       -369.82074164917532        490.99403782033460       -537.22970796437846        479.19593699148254       -352.25656236370168        212.55742659751090     
   223.14429869300915       -360.91654939578234        479.19593697969168       -524.34377408611977        467.72075440568693       -343.83327053708854        207.48004760379149     
   217.77733755646690       -352.25656233922678        467.72075439283952       -511.80989841594032        456.55857985296296       -335.63941976844126        202.54083618103235     
   212.55742656090993       -343.83327051038202        456.55857983805066       -499.61729592481225        445.69983994851532       -327.66800206296369        197.73557596441935     
   207.48004756398072       -335.63941973821778        445.69983993220268       -487.75554749176735        435.13528554124622       -319.91224654156713        193.06019308881130     
   202.54083613323016       -327.66800202859145        435.13528552339051       -476.21458622517395        424.85597974315579       -312.36561056881436        188.51075089887928     
   197.73557591122719       -319.91224650029881        424.85597971663401       -464.98468451089616        414.85328631850876       -305.02177131160738        184.08344489678328     
   193.06019303814122       -312.36561052557738        414.85328629629004       -454.05644140371970        405.11885860622544       -297.87461769086633        179.77459789775094     
   188.51075085807551       -305.02177128406129        405.11885859586107       -443.42077060116480        395.64462887984837       -290.91824257946837        175.58065533414717     
   184.08344487484936       -297.87461768080192        395.64462887796225       -433.06888890908880        386.42279811199700       -284.14693532422183        171.49818081035841     
   179.77459789158627       -290.91824257900282        386.42279811275040       -422.99230514506667        377.44582616010752       -277.55517463461450        167.52385172880753     
   175.58065533604349       -284.14693532620726        377.44582616068368       -413.18280950159652        368.70642239723281       -271.13762162209065        163.65445519774576     
   171.49818081609916       -277.55517463715597        368.70642239754363       -403.63246338766567        360.19753659766661       -264.88911324776706        159.88688405800752     
   167.52385173656583       -271.13762162790312        360.19753660348385       -394.33358947735167        351.91235025368417       -258.80465595427808        156.21813306568353     
   163.65445520254599       -264.88911325471793        351.91235025737137       -385.27876235050974        343.84426824524070       -252.87941955954815        152.64529524306971     
   159.88688405546466       -258.80465595133961        343.84426824087785       -376.46079945647136        335.98691081537299       -247.10873143147231        149.16555831450469     
   156.21813304946909       -252.87941954256755        335.98691080255617       -367.87275236450932        328.33410586019471       -241.48807079364141        145.77620135341280     
   152.64529521464053       -247.10873140493268        328.33410584450610       -359.50789842738214        320.87988149747167       -236.01306336027997        142.47459149949341     
   149.16555828524079       -241.48807077152406        320.87988148817539       -351.35973269285677        313.61845896001307       -230.67947609411848        139.25818087810549     
   145.77620133385301       -236.01306335076103        313.61845895889968       -343.42196020084685        306.54424572598350       -225.48321224545060        136.12450356223763     
   142.47459149246254       -230.67947609594057        306.54424573018389       -335.68848852392074        299.65182896513721       -220.42030650917457        133.07117268623796     
   139.25818087814486       -225.48321225005472        299.65182896765594       -328.15342066440581        292.93596919078908       -215.48692041087321        130.09587766559724     
   136.12450356176129       -220.42030650964804        292.93596919097564       -320.81104815143664        286.39159418224648       -210.67933786563066        127.19638152696368     
   133.07117267889097       -215.48692040563927        286.39159417872833       -313.65584444453646        280.01379313105895       -205.99396088795476        124.37051832550694     
   130.09587765362679       -210.67933785580462        280.01379312464741       -306.68245857775310        273.79781099888726       -201.42730547487989        121.61619068501074     
   127.19638151554147       -205.99396087891063        273.79781099517123       -299.88570902862449        267.73904310281290       -196.97599765893844        118.93136742060105     
   124.37051831987694       -201.42730547350092        267.73904310450610       -293.26057784554223        261.83302990992991       -192.63676969130449        116.31408122604725     
   121.61619068934553       -196.97599766587209        261.83302991494003       -286.80220498063221        256.07545200005291       -188.40645635073017        113.76242647998872     
   118.93136743390890       -192.63676970307500        256.07545200701321       -280.50588282601268        250.46212523509359       -184.28199144093907        111.27455713903110     
   116.31408124175971       -188.40645636340895        250.46212524215676       -274.36705098167999        244.98899614083254       -180.26040440297606        108.84868467597703     
   113.76242649145034       -184.28199144885218        244.98899614297321       -268.38129122731078        239.65213742378276       -176.33881701378510        106.48307612727112     
   111.27455714213325       -180.26040440158471        239.65213742091643       -262.54432264304654        234.44774364312761       -172.51444026248521        104.17605220103647     
   108.84868466890470       -176.33881700595492        234.44774363844365       -256.85199691810675        229.37212709112549       -168.78457131849029        101.92598544314799     
   106.48307611439027       -172.51444025241514        229.37212708555671       -251.30029388146721        224.42171379859761       -165.14659059550647        99.731298484039201     
   104.17605218940436       -168.78457131013710        224.42171379489091       -245.88531714498151        219.59303966563661       -161.59795894172265        97.590462344474773     
   101.92598543782314       -165.14659059381202        219.59303966678050       -240.60328989705491        214.88274675633346       -158.13621492948582        95.501994822286292     
   99.731298488292026       -161.59795894826973        214.88274676148737       -235.45055089106864        210.28757974111940       -154.75897225944792        93.464458913576195     
   97.590462356980666       -158.13621494113661        210.28757974814414       -230.42355058488235        205.80438246962623       -151.46391723846457        91.476461305734688     
   95.501994837282481       -154.75897227112270        205.80438247515389       -225.51884739684800        201.43009463950935       -148.24880635698673        89.536650905040432     
   93.464458927299475       -151.46391724717043        201.43009464314628       -220.73310409424650        197.16174861389544       -145.11146394474125        87.643717447843855     
   91.476461316305262       -148.24880636343627        197.16174861712875       -216.06308434132291        192.99646633875435       -142.04977993780122        85.796390145144812     
   89.536650913686131       -145.11146395091131        192.99646634198317       -211.50564932744061        188.93145637651119       -139.06170769507122        83.993436378942491     
   87.643717453874856       -142.04977994179768        188.93145637804196       -207.05775456651517        184.96401105212163       -136.14526191813690        82.233660442067517     
   85.796390148199706       -139.06170769618501        184.96401105167271       -202.71644677877188        181.09150369261471       -133.29851662549851        80.515902331833715     
   83.993436377986868       -136.14526191576064        181.09150369085387       -198.47886089664723        177.31138597140850       -130.51960322008077        78.839036564252297     
   82.233660437298880       -133.29851662107458        177.31138596838576       -194.34221717335583        173.62118534607814       -127.80670859241646        77.201971062518851     
   80.515902326011727       -130.51960321481809        173.62118534317239       -190.30381839926622        170.01850257481158       -125.15807333410741        75.603646056942921     
   78.839036558617678       -127.80670858840631        170.01850257330219       -186.36104719697795        166.50100934509803       -122.57198997921739        74.043033055047161     
   77.201971056982259       -125.15807333083175        166.50100934350456       -182.51136345237003        163.06644596944295       -120.04680133968530        72.519133816001826     
   75.603646050760062       -122.57198997480411        163.06644596671438       -178.75230180088576        159.71261917510114       -117.58089886740875        71.030979378359064     
   74.043033046567430       -120.04680133268171        159.71261917086542       -175.08146922883185        156.43739995645544       -115.17272109425598        69.577629118392551     
   72.519133803601136       -117.58089885774537        156.43739995128053       -171.49654272926247        153.23872150785431       -112.82075211932968        68.158169833401658     
   71.030979363927329       -115.17272108350143        153.23872150159826       -167.99526705619053        150.11457722936976       -110.52352014036902        66.771714868210154     
   69.577629106072692       -112.82075211014018        150.11457722550341       -164.57545256561767        147.06301880652202       -108.27959606073023        65.417403276031891     
   68.158169825464071       -110.52352013682953        147.06301880642647       -161.23497311245140        144.08215435141753       -106.08759212456089        64.094398993857808     
   66.771714866194500       -108.27959606231862        144.08215435356936       -157.97176403400752        141.17014660879059       -103.94616060437009        62.801890060288592     
   65.417403277959679       -106.08759212805317        141.17014661108067       -154.78382020025086        138.32521122913960       -101.85399253934496        61.539087847282900     
   64.094398997266381       -103.94616060768774        138.32521123087167       -151.66919413833043        135.54561510259327       -99.809816509484733        60.305226322011386     
   62.801890064209751       -101.85399254214776        135.54561510382916       -148.62599421183901        132.82967473744404       -97.812397448617332        59.099561333792714     
   61.539087853255232       -99.809816514066242        132.82967474074147       -145.65238285698331        130.17575469861714       -95.860535503463723        57.921369942962116     
   60.305226331118881       -97.812397457132064        130.17575470439462       -142.74657488537224        127.58226610200896       -93.953064944824433        56.769949753975830     
   59.099561344902845       -95.860535513300704        127.58226610717401       -139.90683584338169        125.04766516701507       -92.088853095059079        55.644618260891463     
   57.921369952072141       -93.953064950951557        125.04766516901627       -137.13148044717300        122.57045181564894       -90.266799296648898        54.544712247031867     
   56.769949758028140       -92.088853096012514        122.57045181503089       -134.41887104946741        120.14916831077204       -88.485833932312644        53.469587168026834     
   55.644618259928563       -90.266799294576899        120.14916830938294       -131.76741615936768        117.78239795261641       -86.744917446138004        52.418616599019948     
   54.544712242371894       -88.485833928394570        117.78239795014156       -129.17556901562861        115.46876379071261       -85.043039435468344        51.391191656907040     
   53.469587161285915       -86.744917440896302        115.46876378789790       -126.64182619122305        113.20692742173763       -83.379217739276456        50.386720467847276     
   52.418616590553398       -85.043039429021903        113.20692741798045       -124.16472629410694        110.99558779837498       -81.752497580735564        49.404627645133047     
   51.391191647914013       -83.379217732561273        110.99558779513596       -121.74284865407046        108.83348008391647       -80.161950724677766        48.444353785598715     
   50.386720458644795       -81.752497574565382        108.83348008082594       -119.37481208220377        106.71937454372681       -78.606674668938751        47.505354980248114     
   49.404627636363657       -80.161950718538165        106.71937454042479       -117.05927366552274        104.65207548062270       -77.085791862557755        46.587102350678869     
   48.444353776803403       -78.606674662414790        104.65207547717509       -114.79492761136559        102.63042020486552       -75.598448955852959        45.689081584597972     
   47.505354971454345       -77.085791856136211        102.63042020146582       -112.58050412000529        100.65327803411449       -74.143816055918890        44.810792503375204     
   46.587102342274697       -75.598448949800911        100.65327803115724       -110.41476829471198        98.719549317831110       -72.721086028783077        43.951748629835478     
   45.689081576403673       -74.143816050417669        98.719549315154012       -108.29651908062047        96.828164510910909       -71.329473809555068        43.111476781554607     
   44.810792495094638       -72.721086022906732        96.828164507552046       -106.22458826117341        94.978083268787870       -69.968215743797103        42.289516659933639     
   43.951748621262865       -71.329473803045261        94.978083265350804       -104.19783946880351        93.168293572713026       -68.636568937937483        41.485420486492551     
   43.111476772320458       -69.968215737061314        93.168293569223167       -102.21516722662069        91.397810873330357       -67.333810656246030        40.698752610613951     
   42.289516649877925       -68.636568930814519        91.397810869577143       -100.27549602351824        89.665677290253825       -66.059237705236455        39.929089160568843     
   41.485420475050645       -67.333810647628411        89.665677285193127       -98.377779444756072        87.970960808518115       -64.812165865208172        39.176017684382948     
   40.698752597881068       -66.059237695431435        87.970960803483450       -96.520999286070435        86.312754515997838       -63.591929319906463        38.439136821058703     
   39.929089147194034       -64.812165855818549        86.312754511378927       -94.704164730352588        84.690175858518771       -62.397880119054342        37.718055968282904     
   39.176017672481422       -63.591929312097953        84.690175855018637       -92.926311534922476        83.102365925410865       -61.229387650527855        37.012394971773709     
   38.439136811045302       -62.397880113008966        83.102365922840420       -91.186501251840284        81.548488752694595       -60.085838134734907        36.321783811004629     
   37.718055960335839       -61.229387645872293        81.548488750604832       -89.483820469835464        80.027730653480901       -58.966634124071369        35.645862305011327     
   37.012394965723985       -60.085838131131823        80.027730651936352       -87.817380086007248        78.539299561951793       -57.871194031613712        34.984279826478605     
   36.321783806740996       -58.966634121743439        78.539299561089450       -86.186314586331221        77.082424404491775       -56.798951665895650        34.336695024438576     
   35.645862301878587       -57.871194029926833        77.082424403723863       -84.589781366347367        75.656354489246311       -55.749355787742324        33.702775555243122     
   34.984279822915795       -56.798951663289785        75.656354487442400       -83.026960060924694        74.260358915472153       -54.721869674476174        33.082197820449288     
   34.336695019291653       -55.749355783135655        74.260358912431869       -81.497051906166277        72.893726003620117       -53.715970702345672        32.474646713642123     
   33.702775548072111       -54.721869668317041        72.893726000160711       -79.999279115625612        71.555762740595938       -52.731149939026295        31.879815379167731     
   33.082197812231399       -53.715970696029714        71.555762737240030       -78.532884272186422        70.245794238321665       -51.766911749812309        31.297404971042255     
   32.474646705646833       -52.731149933322996        70.245794235654429       -77.097129741421199        68.963163215767509       -50.822773415762811        30.727124426899842     
   31.879815372076141       -51.766911745009679        68.963163213212098       -75.691297105321809        67.707229492861856       -49.898264765323319        30.168690240149608     
   31.297404965562254       -50.822773411804327        67.707229491015056       -74.314686615452032        66.477369507975780       -48.992927815271507        29.621826252336668     
   30.727124422884906       -49.898264762685351        66.477369506800244       -72.966616662691976        65.272975839541942       -48.106316427960742        29.086263439241282     
   30.168690237771496       -48.992927813860483        65.272975839020873       -71.646423254364663        64.093456749687093       -47.237995969860286        28.561739710609466     
   29.621826250969139       -48.106316427200433        64.093456749345350       -70.353459520209384        62.938235738039225       -46.387542989057707        28.047999710517022     
   29.086263438109071       -47.237995969025476        62.938235737504911       -69.087095224194854        61.806751112497757       -45.554544897147942        27.544794633036751     
   28.561739708909496       -46.387542987745292        61.806751111820759       -67.846716298021519        60.698455571849159       -44.738599668817159        27.051882034160442     
   28.047999707996642       -45.554544895378093        60.698455570874600       -66.631724385370205        59.612815804112749       -43.939315540495393        26.569025654884161     
   27.544794629947010       -44.738599666443882        59.612815802603762       -65.441536403098510        58.549312090026746       -43.156310723868565        26.095995247026615     
   27.051882030733939       -43.939315537682546        58.549312088475752       -64.275584109684729        57.507437924849064       -42.389213127982366        25.632566402443103     
   26.569025652075975       -43.156310721705644        57.507437923703577       -63.133313691721597        56.486699647986079       -41.637660084174286        25.178520398428375     
   26.095995245501229       -42.389213126927267        56.486699647791362       -62.014185361336942        55.486616084923966       -40.901298094319259        24.733644034407181     
   25.632566401667734       -41.637660084075272        55.486616084952608       -60.917672965249061        54.506718206131197       -40.179782568768729        24.297729477267247     
   25.178520398455845       -40.901298094179367        54.506718205762439       -59.843263614316719        53.546548786597761       -39.472777579212028        23.870574115922985     
   24.733644034607345       -40.179782568556575        53.546548786696292       -58.790457310488065        52.605662079388530       -38.779955624697010        23.451980419089345     
   24.297729477226060       -39.472777579447808        52.605662079527342       -57.758766588496357        51.683623499198404       -38.100997397035165        23.041755790262091     
   23.870574115927745       -38.779955624616463        51.683623499000468       -56.747716174875066        50.780009317553422       -37.435591553421212        22.639712435742762     
   23.451980418468761       -38.100997396320970        50.780009317085010       -55.756842655344315        49.894406363854934       -36.783434503175599        22.245667235500790     
   23.041755788659668       -37.435591552160247        49.894406363175406       -54.785694145765518        49.026411738146038       -36.144230195803992        21.859441610759379     
   22.639712433149434       -36.783434501213378        49.026411736906788       -53.833829981201482        48.175632531933530       -35.517689910896081        21.480861402534376     
   22.245667232293844       -36.144230193239537        48.175632530571015       -52.900820411375385        47.341685553740938       -34.903532063181835        21.109756751359498     
   21.859441607670629       -35.517689908852113        47.341685552974759       -51.986246298554981        46.524197066055443       -34.301482005944386        20.745961982302862     
   21.480861400468655       -34.903532062292470        46.524197065944520       -51.089698832519773        45.722802527553974       -33.711271845814181        20.389315490718047     
   21.109756750527673       -34.301482005989676        45.722802527807438       -50.210779248712377        44.937146347348886       -33.132640259769545        20.039659630231746     
   20.745961982055093       -33.711271845995057        44.937146347471185       -49.349098563557000        44.166881645408395       -32.565332316790354        19.696840609227358     
   20.389315490716143       -33.132640259764521        44.166881645270820       -48.504277308582125        43.411670013711237       -32.009099308648764        19.360708386994254     
   20.039659630242415       -32.565332316725204        43.411670013826651       -47.675945270702009        42.671181293002526       -31.463698582521975        19.031116572216977     
   19.696840609301496       -32.009099308912774        42.671181293168587       -46.863741251099000        41.945093351285678       -30.928893377783478        18.707922328024125     
   19.360708387400418       -31.463698582898711        41.945093351564452       -46.067312819971157        41.233091867234855       -30.404452671628032        18.390986275346599     
   19.031116572858274       -30.928893378430846        41.233091867660583       -45.286316081915018        40.534870125612152       -29.890151024352566        18.080172400184605     
   18.707922328928198       -30.404452672460980        40.534870126138131       -44.520415455161853        39.850128815242066       -29.385768432284731        17.775347965092880     
   18.390986276976165       -29.890151025715188        39.850128816039707       -43.769283446424254        39.178575830546819       -28.891090181808551        17.476383423220064     
   18.080172402882798       -29.385768434605293        39.178575832193978       -43.032600437556901        38.519926081862053       -28.405906713155147        17.183152335665454     
   17.775347968484471       -28.891090184889368        38.519926083549421       -42.310054475409004        37.873901310050741       -27.930013482252019        16.895531286644246     
   17.476383426916719       -28.405906715829026        37.873901311209472       -41.601341073844459        37.240229908492083       -27.463210829895608        16.613399804192358     
   17.183152339096690       -27.930013484424897        37.240229909562856       -40.906163017672327        36.618646749035257       -27.005303853251068        16.336640286316367     
   16.895531289990629       -27.463210832295402        36.618646750442359       -40.224230171407342        36.008893010812209       -26.556102283313333        16.065137923428253     
   16.613399808071996       -27.005303856342216        36.008893012604986       -39.555259292713814        35.410716016422050       -26.115420361405583        15.798780626831622     
   16.336640290950864       -26.556102286860739        35.410716018264218       -38.898973853603209        34.823869069946277       -25.683076722902474        15.537458953349509     
   16.065137928579222       -26.115420365103365        34.823869071854205       -38.255103864823262        34.248111303635689       -25.258894280148475        15.281066044650302     
   15.798780632130265       -25.683076726616683        34.248111305517078       -37.623385707701161        33.683207523792554       -24.842700119239755        15.029497555399976     
   15.537458958426624       -25.258894283734882        33.683207525682413       -37.003561965517527        33.128928069952693       -24.434325385938390        14.782651589788376     
   15.281066048786416       -24.842700122058591        33.128928071164609       -36.395381271949411        32.585048668005882       -24.033605183519729        14.540428635249965     
   15.029497558474910       -24.434325387695832        32.585048668639516       -35.798598146637076        32.051350291714449       -23.640378467312555        14.302731505925177     
   14.782651591763878       -24.033605184579468        32.051350292246447       -35.212972848117673        31.527619027405276       -23.254487952052802        14.069465282545488     
   14.540428636183933       -23.640378467965906        31.527619027700396       -34.638271221961020        31.013645944482398       -22.875780012286658        13.840537250138004     
   14.302731506123008       -23.254487952054287        31.013645944273105       -34.074264563534548        30.509226968662425       -22.504104586296503        13.615856844403377     
   14.069465282284787       -22.875780011859458        30.509226968447308       -33.520729478481336        30.014162755889483       -22.139315089666763        13.395335599200283     
   13.840537249750037       -22.504104586190341        30.014162756060365       -32.977447741650465        29.528258572420395       -21.781268326101092        13.178887090540513     
   13.615856844391953       -22.139315089994042        29.528258572639384       -32.444206169791350        29.051324179471436       -21.429824399359610        12.966426884432531     
   13.395335599684751       -21.781268326489883        29.051324179612728       -31.920796496040900        28.583173718484694       -21.084846631114495        12.757872487540505     
   13.178887091323658       -21.429824399856603        28.583173718743410       -31.407015241313957        28.123625599121059       -20.746201479484228        12.553143299409168     
   12.966426885413586       -21.084846631805256        28.123625599501569       -30.902663594105377        27.672502393174295       -20.413758461009486        12.352160562027921     
   12.757872488668538       -20.746201480250168        27.672502393520681       -30.407547295257093        27.229630730307957       -20.087390071599867        12.154847316806700     
   12.553143300502560       -20.413758461612808        27.229630730510404       -29.921476522086476        26.794841193888523       -19.766971714510586        11.961128355459172     
   12.352160563043398       -20.087390072183208        26.794841194217778       -29.444265776238549        26.367968225035128       -19.452381624331874        11.770930182153405     
   12.154847317638710       -19.766971715073115        26.367968225290934       -28.975733778304463        25.948850022875412       -19.143500801127303        11.584180964355111     
   11.961128355955861       -19.452381624622841        25.948850022981549       -28.515703357735219        25.537328454115482       -18.840212935722786        11.400810495621576     
   11.770930182129479       -19.143500800934191        25.537328453829264       -28.064001357000045        25.133248959496655       -18.542404347605132        11.220750152672045     
   11.584180964160511       -18.840212935445365        25.133248959475718       -27.620458527123997        24.736460467432440       -18.249963917560855        11.043932860025798     
   11.400810495376261       -18.542404347658177        24.736460467592572       -27.184909433189219        24.346815305460655       -17.962783026172975        10.870293048079086     
   11.220750152668606       -18.249963917789991        24.346815305615596       -26.757192358178791        23.964169117958271       -17.680755489279196        10.699766616024153     
   11.043932860233516       -17.962783026367969        23.964169118011981       -26.337149213699810        23.588380782662217       -17.403777498815607        10.532290897485014     
   10.870293048389957       -17.680755489496509        23.588380782838151       -25.924625447348774        23.219312331126261       -17.131747565912111        10.367804624658161     
   10.699766616291312       -17.403777499087198        23.219312331246080       -25.519469956766279        22.856828872781513       -16.864566462817958        10.206247892639187     
   10.532290897788142       -17.131747566031535        22.856828872726204       -25.121535007641850        22.500798519460055       -16.602137167376306        10.047562129282735     
   10.367804624808366       -16.864566462789355        22.500798519502361       -24.730676149818358        22.151092311481417       -16.344364811933147        9.8916900617234145     
   10.206247892522054       -16.602137167358311        22.151092311455169       -24.346752136131194        21.807584147201407       -16.091156628383995        9.7385756823228089     
   10.047562129001919       -16.344364811664750        21.807584146978204       -23.969624846789632        21.470150712765204       -15.842421896382023        9.5881642190490286     
   9.8916900614813290       -16.091156628102560        21.470150712601480       -23.599159211510376        21.138671413535111       -15.598071894339668        9.4404021065740231     
   9.7385756824814553       -15.842421896552676        21.138671413767010       -23.235223135266640        20.813028308759513       -15.358019852568496        9.2952369569849722     
   9.5881642197527643       -15.598071895050722        20.813028309210509       -22.877687425994139        20.493106047971626       -15.122180904926466        9.1526175297932149     
   9.4404021077876710       -15.358019853508578        20.493106048453086       -22.526425726868997        20.178791809026805       -14.890472042345243        9.0124937070660671     
   9.2952369582403591       -15.122180905772270        20.178791809412122       -22.181314447373893        19.869975236084915       -14.662812071076198        8.8748164647384975     
   9.1526175306256974       -14.890472042784291        19.869975236165612       -21.842232694837325        19.566548381962601       -14.439121566296784        8.7395378457276216     
   9.0124937074101865       -14.662812071018603        19.566548381755865       -21.509062213371305        19.268405649520012       -14.219322830122060        8.6066109348012958     
   8.8748164647635406       -14.439121566081129        19.268405649431287       -21.181687317901730        18.975443734904950       -14.003339850901842        8.4759898356539569     
   8.7395378455859909       -14.219322830064629        18.975443734930888       -20.859994832458753        18.687561572932989       -13.791098263885216        8.3476296436578110     
   8.6066109347485025       -14.003339850933662        18.687561572943068       -20.543874031234687        18.404660284830065       -13.582525309669144        8.2214864242692265     
   8.4759898355953922       -13.791098263863194        18.404660284865077       -20.233216581645785        18.126643125313493       -13.377549798786855        8.0975171900170100     
   8.3476296433643107       -13.582525309575177        18.126643125315027       -19.927916485422795        17.853415433105695       -13.176102073501863        7.9756798769648043     
   8.2214864237601954       -13.377549798489456        17.853415432877640       -19.627870025507971        17.584884581077951       -12.978113970565055        7.8559333232787516     
   8.0975171893795821       -13.176102072963239        17.584884580766754       -19.332975710703096        17.320959927289927       -12.783518786776961        7.7382372473812078     
   7.9756798762355068       -12.978113970042871        17.320959927058027       -19.043134222176700        17.061552768645765       -12.592251243758380        7.6225522264447783     
   7.8559333227408308       -12.783518786454303        17.061552768491733       -18.758248363476120        16.806576294820161       -12.404247453310216        7.5088396758433902     
   7.7382372473137639       -12.592251243749415        16.806576294878617       -18.478223009403884        16.555945542104244       -12.219444884396365        7.3970618278207789     
   7.6225522267885983       -12.404247453685594        16.555945542429342       -18.202965055110290        16.309577349152981       -12.037782328850298        7.2871817100520735     
   7.5088396764863381       -12.219444885026093        16.309577349501712       -17.932383367993193        16.067390311691156       -11.859199866981385        7.1791631198054606     
   7.3970618287889884       -12.037782329575206        16.067390312054510       -17.666388737238211        15.829304736889037       -11.683638829010489        7.0729705995853758     
   7.2871817112283601       -11.859199867841197        15.829304737403547       -17.404893823189699        15.595242593550847       -11.511041757161752        6.9685694039811477     
   7.1791631212083242       -11.683638830155013        15.595242594226034       -17.147813099501903        15.365127459003435       -11.341352355552232        6.8659254605458715     
   7.0729706011426421       -11.511041758374327        15.365127459643272       -16.895062793692709        15.138884455367972       -11.174515432900071        6.7650053093964146     
   6.9685694053878384       -11.341352356549379        15.138884455822897       -16.646560810880292        14.916440171098651       -11.010476817253874        6.6657760194886828     
   6.8659254617016989       -11.174515433576143        14.916440171330141       -16.402226639267141        14.697722550011923       -10.849183238559762        6.5682050563805081     
   6.7650053103266679       -11.010476817796928        14.697722550352607       -16.161981212055874        14.482660733756992       -10.690582145668051        6.4722600708164713     
   6.6657760202578293       -10.849183239193206        14.482660734092214       -15.925746708416298        14.271184817463235       -10.534621414778986        6.3779085543405056     
   6.5682050572978437       -10.690582146322885        14.271184817781670       -15.693446240838332        14.063225462463899       -10.381248878395308        6.2851172740116539     
   6.4722600719842944       -10.534621415638776        14.063225462994678       -15.465003355259853        13.858713267256892       -10.230411549854589        6.1938513373984971     
   6.3779085557926249       -10.381248879584557        13.858713267956334       -15.240341211348161        13.657577727663451       -10.082054336025539        6.1040726377811918     
   6.2851172756345282       -10.230411551128716        13.657577728323789       -15.019381225307246        13.459745509323112       -9.9361178921667648        6.0157372752382416     
   6.1938513390060557       -10.082054337138347        13.459745509825503       -14.802040808421731        13.265137561150198       -9.7925350435283995        5.9287912732361328     
   6.1040726392299502       -9.9361178930937051        13.265137561610768       -14.588229579734991        13.073664281171936       -9.6512248034465618        5.8431634653479145     
   6.0157372765423922       -9.7925350444190418        13.073664281608490       -14.377843010096059        12.885217401926697       -9.5120823630812623        5.7587536885071282     
   5.9287912744975140       -9.6512248043140048        12.885217402396554       -14.170751733701655        12.699656351089478       -9.3749623324075184        5.6754131876431622     
   5.8431634665009717       -9.5120823639111034        12.699656351503407       -13.966783544245532        12.516785294366835       -9.2396506475404401        5.5929120876271190     
   5.7587536896008409       -9.3749623331307532        12.516785294690727       -13.765693022730032        12.336314429197538       -9.1058174191416548        5.5108853796278172     
   5.6754131886955497       -9.2396506482019216        12.336314429525416       -13.567110193011247        12.157794595701027       -8.9729376674947385        5.4287431610400096     
   5.5929120887214561       -9.1058174199160948        12.157794596134281       -13.370453534175843        11.980506577848043       -8.8401578250327280        5.3455213748876327     
   5.5108853808788547       -8.9729376684293936        11.980506578361675       -13.174782273163258        11.803273279550993       -8.7060705309954454        5.2596335418739093     
   5.4287431624272164       -8.8401578260841696        11.803273280141298       -12.978544995126549        11.624140427714469       -8.5683343006995774        5.1684582130680115     
   5.3455213762064622       -8.7060705319934204        11.624140428225825       -12.779151067551251        11.439833208807684       -8.4230314691006676        5.0676559810202875     
   5.2596335428935888       -8.5683343013807782        11.439833209074198       -12.572239670600608        11.244832375661900       -8.2635879833908792        4.9500490355080000     
   5.1684582136430652       -8.4230314693645134        11.244832375708576       -12.350435646395487        11.029810294047975       -8.0789724955242939        4.8038191853517205     
   5.0676559811408426       -8.2635879833339505        11.029810293948074       -12.101246116133336        10.779012726388405       -7.8507533207332871        4.6097294268823052     
   4.9500490354027891       -8.0789724953258837        10.779012726240822       -11.803558563982461        10.465978224146843       -7.5484867853944921        4.3372292353428108     
   4.8038191853558869       -7.8507533207063211        10.465978224201899       -11.421993162068445        10.046875703036756       -7.1231320601122246        3.9402770052287508     
   4.6097294272370650       -7.5484867858013187        10.046875703384327       -10.898383190303502        9.4512122606624036       -6.4997366243261503        3.3573066905563316     
   4.3372292360633162       -7.1231320608261077        9.4512122610860096       -10.140802047297194        8.5723603921713352       -5.5764319705335490        2.5301374129613476     
   3.9402770060442580       -6.4997366249476789        8.5723603924409790       -9.0155694499816086        7.2698468718303992       -4.2534415821690921        1.4771633497655798     
   3.3573066912207721       -5.5764319709215942        7.2698468719726677       -7.3635114976116887        5.4210025539170896       -2.5484031445532804       0.45344130330729149     
   2.5301374134346744       -4.2534415824460758        5.4210025540584921       -5.0990794317827248        3.1025950568403378      -0.84912378187071291     
   1.4771633500569679       -2.5484031447597379        3.1025950569429126       -2.4870157145375233       0.93407527102462218     
  0.45344130341850697      -0.84912378194356075       0.93407527104977639      -0.48034257261131935     
