  -81666372983891.328       -44318959518681.125       -5546227649705.0049        645411925960.32739     
   228580795938069.81        63972566495931.617       -6335775065012.8701       -1808573027039.5020        304492500432.39911     
  -234431701653047.47       -35472877370668.500        11264652912053.670       -2503048093573.7812       -512793757986.73828        99448187504.952103     
   204411304258912.88        26442039769247.805       -3285747009207.8921        3781026315439.7539       -1157245488968.3086       -128237606138.94623        26943247891.728394     
  -19676232959481.879        2169755460333.5376       -854451670762.01135        1473685660027.7192       -560004330927.82495       -24595310119.218002        5676603606.8191986     
  -1521486395750.8325        552630472924.89294       -274083793983.69620        623389927256.32654       -278198515753.68274        381786768.32716274        280105801.70687902     
  -383640759699.82825        177319729535.94516       -90975960873.251877        279237177588.36481       -142266723452.74301        4739245045.8668652       -759898353.15989697     
  -122589416411.76074        58656501243.079033       -27610806001.643654        131380093803.59233       -75142361268.385391        4302988707.0174513       -757547661.61811137     
  -39974770149.435982        17496191054.150402       -5906500788.8351831        64663126914.198448       -41044843262.337234        3139076929.4999771       -578122165.92275167     
  -11443757729.595043        3495011804.6948490        929066814.89466310        33188533136.782654       -23176012432.382309        2152867102.7564363       -415473067.98833233     
  -1895736841.8255589       -823656823.79728591        2572403554.1624846        17710620230.087227       -13506895359.561766        1453564170.5840778       -296247990.51045948     
   932711027.46146858       -1795496840.5715895        2532683134.9548874        9797288134.8919449       -8107181694.7121964        983034153.36791968       -212765456.89922792     
   1480021717.6950920       -1707505211.6182129        2053580138.2258573        5601700769.4587831       -4999510869.0019751        670450358.32980478       -154364963.73151755     
   1333178165.6995692       -1360003695.1456225        1547945843.1643853        3300811297.1997433       -3159813564.0007548        462241433.92583168       -113040236.57050428     
   1036956776.8891131       -1012075099.9992888        1130432473.4797852        1998994278.7617221       -2041991995.0354636        322325820.59417933       -83422068.673252985     
   760924872.29170978       -731326381.45482099        814669545.77663910        1241015393.4406300       -1346384043.5716650        227260359.25412068       -61962793.195024185     
   544541861.57453537       -522185862.34397751        584840695.08004284        787947718.34237885       -903990291.03670251        161922494.41708604       -46281673.124007218     
   385966738.44393879       -371749383.17359084        420364838.40930706        510566387.79209840       -617007259.62479770        116510891.36217959       -34745213.849796787     
   273147677.72312844       -265163637.31849650        303377341.69096702        336992277.55592257       -427453144.19461876        84611472.083867058       -26210173.335366059     
   193863365.95666105       -190021605.81848204        220186777.42542660        226188833.48062178       -300177305.15879428        61978707.039638430       -19864247.326960407     
   138329208.58177063       -137015366.28580871        160845457.12669095        154155959.49809593       -213425994.89177376        45769411.698200218       -15124011.715426562     
   99364603.174572483       -99482773.393660054        118303422.52556039        106540973.15554854       -153478050.35867032        34057814.287752658       -11567196.934471890     
   71901339.445904925       -72758138.089043573        87618918.193845958        74582220.598460749       -111525960.76107961        25525418.718204141       -8886412.9599071275     
   52425178.134850807       -53603785.262651190        65339814.128155805        52828602.283034913       -81824240.324263319        19260317.601464223       -6856852.7981062783     
   38516083.598521113       -39777994.160082735        49052353.496497236        37828700.327615850       -60568602.795081578        14625782.677503271       -5313429.5847763000     
   28508831.888151430       -29725840.212083776        37062900.602068670        27361485.461459227       -45205135.659602277        11173230.097990612       -4134440.0966474456     
   21254394.892035209       -22364255.820784874        28177109.052137855        19976062.949384037       -33997294.531046189        8583948.7290718555       -3229819.0388732385     
   15956035.553027252       -16934604.821326692        21547737.158689294        14711322.530865664       -25750223.697557215        6629686.8577001076       -2532655.8998694038     
   12057895.746382857       -12902086.118164087        16569924.617794592        10922292.372836646       -19632667.414125971        5145737.4890746931       -1993045.8442238190     
   9169515.0827010795       -9887112.8674059045        12808998.287842683        8170894.2353791827       -15060351.716664765        4012391.8555077040       -1573617.7938723685     
   7014645.4617640888       -7618378.8183249887        9950512.6297846232        6156207.0162402764       -11618643.452356029        3142049.4969104235       -1246271.7764113001     
   5396418.5329959085       -5900613.5729444614        7765501.4282998173        4669339.9202090669       -9010644.3606626000        2470186.7035070760       -989790.80933727638     
   4173519.9410074730       -4592304.9257558342        6086168.6841322100        3563855.2303415793       -7021964.7777296752        1948979.4275698275       -788087.01499629603     
   3243792.6530308775       -3590210.4630236523        4788776.5666207001        2736148.7041318412       -5496565.4034723081        1542767.3624665756       -628909.14710712770     
   2532877.4156906931       -2818517.7613646379        3781522.2146228612        2112287.3578180424       -4320025.7311246460        1224805.0985070965       -502886.82014628686     
   1986288.0719825712       -2221206.2718085274        2995893.5812677052        1639084.8125689570       -3407848.3787552374        974919.75616640982       -402821.26387805887     
   1563843.8927443258       -1756628.6290203449        2380466.6498476118        1277988.7453088504       -2697212.3061640635        777811.60492968827       -323157.18937734154     
   1235730.3515584583       -1393640.6411784755        1896426.9607706624        1000854.4613211515       -2141110.2942532408        621813.87647208071       -259588.16102095376     
   979692.68979127379       -1108819.3566859250        1514316.7356111684        786996.27795841824       -1704149.3922804184        497982.64761497354       -208760.71493847520     
   779023.11770262336       -884450.66622800508        1211658.6850452996        621112.92494175106       -1359521.0255851306        399425.41791366704       -168051.75567187209     
   621107.82648708264       -707064.82168854284        971210.76124284463        491816.25962274510       -1086800.2937824694        320803.29550059559       -135400.49728323944     
   496371.62831526977       -566364.59269521281        779677.65230486321        390580.04659632593       -870337.46647277800        257960.12456993241       -109181.12859551184     
   397506.89957664913       -454436.51974980516        626754.77423221141        310983.63321984478       -698075.35645838070        207644.89100324234       -88105.965940807437     
   318907.09099003905       -365167.50521980674        504415.58297002024        248164.27770745114       -560674.93324486737        167302.98001498988       -71151.495279064795     
   256248.34052958895       -293811.17372387811        406377.80691182968        198418.19317766160       -450865.36323792743        134918.47350317461       -57501.639126628164     
   206178.93108745967       -236664.03071386713        327701.84548581176        158908.31909652840       -362958.35293250915        108894.42857988868       -46504.026356164672     
   166087.69273036791       -190822.51070160442        264487.20488166978        127449.17570037325       -292483.38836545357        87961.527894695027       -37636.102009123766     
   133930.48943972899       -153999.88067207902        213641.93894353928        102347.71813974548       -235912.34791117490        71108.001150118434       -30478.710710913947     
   108099.63617676753       -124387.61669059926        172706.65284099875        82285.082362001660       -190450.48069728099        57525.553507725839       -24695.378125414954     
   87325.181722489622       -100549.94622348686        139719.44132419708        66228.337058899240       -153876.87111005114        46567.390926100787       -20015.956288691141     
   70599.931605631704       -81343.220678448735        113111.64353433433        53364.338098284890       -124421.96416560195        37715.425555312744       -16223.631044378006     
   57122.228929780998       -65853.935832594449        91626.897112175109        43049.928832226731       -100672.96252308467        30554.486949867100       -13144.536431585144     
   46252.057469944222       -53350.815885448101        74257.879122742277        34774.261533704281       -81500.287209854854        24751.909682231508       -10639.406789903023     
   37477.181041720280       -43247.539055432426        60196.547919716577        28130.138069275930       -66000.036729995787        20041.277224690915       -8596.8352548170824     
   30386.865965896137       -35073.556990524005        48794.746581297404        22792.076824278938       -53448.671218008669        16209.403288549041       -6927.8106407250380     
   24651.361456204013       -28451.097219027823        39532.817047705372        18499.413245976302       -43267.099578098598        13085.857339916949       -5561.2814330085093     
   20005.768773221305       -23076.921014226660        31994.453291622081        15043.178956268366       -34992.054287806277        10534.507694771537       -4440.5519949199715     
   16237.277067429424       -18707.761990278035        25846.457239584110        12255.830468555334       -28253.160924520824        8446.6791305110874       -3520.3589057800004     
   13174.996708881130       -15148.637839261128        20822.381973823405        10003.138589891287       -22754.497070423287        6735.6140091337220       -2764.5059109451395     
   10681.812964410599       -12243.423954785014        16709.286177272290        8177.7285987612358       -18259.722087937804        5331.9932471395314       -2143.9596894304145     
   8647.8239577691165       -9867.2250183755787        13337.000022934668        6693.8930309117795       -14580.071438598614        4180.3242091408820       -1635.3260498223665     
   6985.0330413556367       -7920.1885915008470        10569.434280631673        5483.3966827855356       -11564.666634221045        3236.0400575642666       -1219.6396016470346     
   5623.0433503684790       -6322.4859985289850        8297.5613261168819        4492.0650995604628       -9092.7085047595974        2463.1836246422208       -881.41061466317603     
   4505.5610987432974       -5010.2449107620132        6433.7694801432544        3677.0001151090369       -7067.2087945923295        1832.5706217655677       -607.88125497609690     
   3587.5566179548182       -3932.2625079049931        4907.3469351464373        3004.3042647720408       -5409.9804645485683        1320.3442958935002       -388.45069147675952     
   2832.9642054459277       -3047.3611423015013        3660.8932610340253        2447.2228634366652       -4057.6575515178952        906.84748645958041       -214.23463148930375     
   2212.8254877592967       -2322.2730946113466        2647.4898917793416        1984.6325553668510       -2958.5543244102032        575.74968738359235       -77.730360357280873     
   1703.7984648706033       -1729.9605920030178        1828.4871273092369        1599.8187573736143       -2070.2050191194271        313.37655063830397        27.436827842718586     
   1286.9682498985442       -1248.2918826875805        1171.7877730543078        1279.4948898596369       -1357.4509244830176        108.19792846847002        106.70556514285718     
   946.90553443557212       -859.00688306455390        650.52598319070319        1013.0234460508761       -790.96330663638503       -49.561850193999796        164.72464092743755     
   670.92761415382245       -546.91574063616451        242.05660709949123        791.80476040183248       -346.10919019846091       -168.22110471860961        205.46606167486158     
   448.52332487096095       -299.28274540260315       -72.815346149533781        608.80384649129394       -2.0831025300458443       -254.86905109866467        232.31454831693878     
   270.90937266150092       -105.35557335388570       -310.42267746909192        458.18947694733714        258.75799165218416       -315.54377220889660        248.14063590054911     
   130.69051004214364        43.993301746208850       -484.68764815607892        335.06310811370236        451.40703024949687       -355.37416126185997        255.36248443340202     
   21.600557410170474        156.54011584328779       -607.47375117397826        235.25838944086925        588.60631525543852       -378.69639861550314        255.99992037627015     
  -61.694689520148316        238.92000322867500       -688.86561703514076        155.19489638770833        681.16482551443539       -389.15255936927753        251.72295901652973     
  -123.74806498605318        296.79096888706459       -737.39796113856141        91.772481275763070        738.21650840737368       -389.77656531245538        243.89615722886202     
  -168.44740185630354        334.96473370586381       -760.24868317024334        42.295154604892929        767.43642395814243       -383.07088968855618        233.61950031917024     
  -199.10717114027250        357.51419434350021       -763.40659420258294        4.4157039597208856        775.22662438279087       -371.07609453540391        221.76611450761689     
  -218.54257898425905        367.86449323122503       -751.82067288612006       -23.905697266637777        766.87979813018467       -355.43435328008184        209.01685808891500     
  -229.13138050366112        368.87250235484106       -729.53512773040370       -44.433891591270203        746.72582507550862       -337.44751372613979        195.89174529559364     
  -232.86709753588326        362.89786522583756       -699.81267968210807       -58.685676807060709        718.26434264515819       -318.12991458970896        182.77812891089437     
  -231.40612062567374        351.86750191728834       -665.24726991555224       -67.953628704605194        684.28504754215635       -298.25600455006867        169.95561372388701     
  -226.11024935897950        337.33463142481082       -627.86667576142077       -73.328229910949560        646.97661638730187       -278.40277720724401        157.61773652591458     
  -218.08557141590188        320.53280675227450       -589.22517529941342       -75.719062001981769        608.02466752512748       -258.98708199819765        145.89052610778410     
  -208.21813384076734        302.42514909246290       -550.48628765121543       -75.875334472359128        568.69901986373202       -240.29795178629604        134.84811793656462     
  -197.20659843980806        283.74880092858490       -512.49569612298808       -74.405739533322844        529.93050142540289       -222.52417725050631        124.52566906198086     
  -185.59191250557882        265.05460548632186       -475.84459350701309       -71.797450724905318        492.37766336420611       -205.77745345782279        114.92984477911570     
  -173.78399174584641        246.74204631145443       -440.92387452658244       -68.434025107047887        456.48389991325729       -190.11148731351614        106.04717603839475     
  -162.08540675858313        229.08956859548761       -407.96976022788130       -64.611966283667044        422.52562428414342       -175.53750013127160        97.850590888749721     
  -150.71211565820582        212.28048302793147       -377.10158728285160       -60.555763383841978        390.65226641950085       -162.03658396722750        90.304411014918557     
  -139.81133134095791        196.42474995297741       -348.35257374923651       -56.431279603119719        360.91894829190562       -149.56936414419997        83.368087392747526     
  -129.47668414835974        181.57699214495827       -321.69443135682945       -52.357444991333907        333.31272828508281       -138.08340669901034        76.998919791829948     
  -119.76087453788831        167.75113992752708       -297.05669162861074       -48.416272626866110        307.77331392122164       -127.51877034023919        71.153975360674693     
  -110.68605783250780        154.93212800025242       -274.34158543165074       -44.661280945161785        284.20910144704169       -117.81206599421186        65.791389346077523     
  -102.25221982850087        143.08506638308029       -253.43525192425821       -41.124441653182686        262.50934827007768       -108.89933700766957        60.871199674732253     
  -94.443811457558752        132.16228810055725       -234.21598178049905       -37.821808350932784        242.55320090553363       -100.71802747399065        56.355838098591477     
  -87.234903923064977        122.10865108228992       -216.56010599127976       -34.757989628038160        224.21621641156710       -93.208260876942887        52.210375287294610     
  -80.593114461407637        112.86542817955271       -200.34605733781845       -31.929636809084087        207.37492510914973       -86.313606761401019        48.402595303057389     
  -74.482526803918873        104.37308161803475       -185.45704101954510       -29.328111469642216        191.90988892932705       -79.981480029059895        44.902956111381748     
  -68.865809096944048        96.573171838198490       -171.78266864993057       -26.941479669862090        177.70763401343120       -74.163281341360218        41.684477555088151     
  -63.705702261826339        89.409607062246181       -159.21984327997168       -24.755971777064442        164.66175493916242       -68.814363573432928        38.722588112437577     
  -58.966022873930676        82.829406508197479       -147.67311227677561       -22.757020323203118        152.67342920339368       -63.893886116056876        35.994949793043197     
  -54.612304028145950        76.783107726714803       -137.05466058968665       -20.929976963118666        141.65152167370823       -59.364601740549126        33.481276742079672     
  -50.612167045042511        71.224926354001553       -127.28406681800524       -19.260585821057198        131.51241693302680       -55.192608285515959        31.163156088363483     
  -46.935503263502071        66.112744570009994       -118.28791706547301       -17.735279780524852        122.17967966920398       -51.347086280215848        29.023876732501996     
  -43.554521331106791        61.407991029209050       -109.99933882339491       -16.341348572119362        113.58361521161746       -47.800037739228635        27.048268965736757     
  -40.443707384139962        57.075452313149690       -102.35750169052666       -15.067017212165636        105.66078241640932       -44.526033639905243        25.222556962073853     
  -37.579727549099523        53.083048648067560       -95.307114586247238       -13.901465358044888        98.353491027143548       -41.501976804350079        23.534223798971485     
  -34.941298288170763        49.401594583236822       -88.797936808731492       -12.834806210172628        91.609308001044170       -38.706881679801398        21.971889411221404     
  -32.509040549900007        46.004557136429398       -82.784316683103285       -11.858042290886857        85.380585360586409       -36.121672756720095        20.525199915423190     
  -30.265327526703640        42.867822567836129       -77.224761793581507       -10.963007581147926        79.624018061748373       -33.729000708400122        19.184728407124283     
  -28.194135227611493        39.969475302079985       -72.081544102313103       -10.142303643147994        74.300235155885645       -31.513076192490050        17.941885558983842     
  -26.280898945455935        37.289592494793368       -67.320339892998021       -9.3892343967170007        69.373425523043437       -29.459519735964879        16.788839240887491     
  -24.512378639354413        34.810055282970552       -62.909903063612290       -8.6977423347307159        64.810997487725970       -27.555226416343434        15.718442532253199     
  -22.876534598173507        32.514376412444307       -58.821770179699406       -8.0623482662095540        60.583270461497101       -25.788244287777502        14.724168849835724     
  -21.362413267962481        30.387544197840452       -55.029994338912729       -7.4780951983150619        56.663196612562260       -24.147664890670519        13.800053767427594     
  -19.960043683995291        28.415881273666670       -51.510905640176361       -6.9404968495506205        53.026109943320400       -22.623524943605432        12.940642601626736     
  -18.660343498334395        26.586917253269892       -48.242895741715060       -6.4454908670518165        49.649500502131744       -21.206717746876706        12.140943305148120     
  -17.455034114490935        24.889274167566708       -45.206223931586109       -5.9893966201927036        46.512810976983083       -19.888913575586805        11.396384044246389     
  -16.336564320258415        23.312563231857304       -42.382842609718502       -5.5688769985804942        43.597253774081317       -18.662488070478872        10.702774840907805     
  -15.298041423363227        21.847291949793110       -39.756240364643951       -5.1809042135465315        40.885646499038707       -17.520457458717399        10.056273148833480     
  -14.333169249718093        20.484780625571201       -37.311300540499062       -4.8227293080813203        38.362263451695057       -16.456420443186776        9.4533526274615127     
  -13.436192441705803        19.217087140439322       -35.034173594366905       -4.4918544362635142        36.012702168879720       -15.464505562442849        8.8907749961520821     
  -12.601846282247944        18.036939009817029       -32.912162361426120       -4.1860083926106455        33.823762873465697       -14.539323769112530        8.3655645552030151     
  -11.825311331401618        16.937672479857920       -30.933618143959400       -3.9031244623923493        31.783339847666920       -13.675925480235547        7.8749851544232445     
  -11.102172845793721        15.913177274782692       -29.087847072414771       -3.6413207142099635        29.880323208323723       -12.869761817623862        7.4165193324872449     
  -10.428383909872952        14.957846914081168       -27.365025313536830       -3.3988821690716415        28.104510270881356       -12.116649507459490        6.9878493359148912     
  -9.8002323317414515        14.066533690578899       -25.756122505184738       -3.1742449175423717        26.446525369875051       -11.412739010487808        6.5868400559579374     
  -9.2143106313694378        13.234508089172090       -24.252832347050166       -2.9659818247786909        24.897747240506376       -10.754485743845775        6.2115233724076857     
  -8.6674890084466671        12.457421992274774       -22.847509733918162       -2.7727896584509639        23.450243285770679       -10.138623923058729        5.8600840540103372     
  -8.1568908354498060        11.731275384170646       -21.533113752411175       -2.5934774611826783        22.096710084546537       -9.5621427922562390        5.5308468827573636     
  -7.6798704994169320        11.052386139313047       -20.303156071324469       -2.4269562769210178        20.830419270120199       -9.0222650686770347        5.2222649773870691     
  -7.2339932639253250        10.417362788003766       -19.151653821031431       -2.2722296365286252        19.645168526843946       -8.5164273602056415        4.9329091167457699     
  -6.8170171951150378        9.8230795056593063       -18.073087085249483       -2.1283851503401876        18.535237072614954       -8.0422622876487342        4.6614580771492333     
  -6.4268764709855981        9.2666537185829636       -17.062360057805158       -1.9945868986294435        17.495345133789701       -7.5975822772564872        4.4066897820755830     
  -6.0616665292480283        8.7454255518740531       -16.114765731224235       -1.8700685118404579        16.520617137258593       -7.1803647612082697        4.1674732405740533     
  -5.7196303825929329        8.2569391929741300       -15.225953786706105       -1.7541269456906936        15.606548190665332       -6.7887386966770817        3.9427612200032685     
  -5.3991462436527957        7.7989259410912339       -14.391901322070037       -1.6461168564837758        14.748973558953793       -6.4209722931428752        3.7315834654735078     
  -5.0987162505739168        7.3692887835493925       -13.608886152553563       -1.5454455130193439        13.944040854713402       -6.0754617224766418        3.5330406609717513     
  -4.8169562355424729        6.9660883090215684       -12.873462448181053       -1.4515681815873864        13.188184615995233       -5.7507209599787936        3.3462987217270310     
  -4.5525863603955701        6.5875298699743112       -12.182438520184585       -1.3639839263157136        12.478103205432118       -5.4453723438381498        3.1705837352915331     
  -4.3044225932849640        6.2319518974033556       -11.532856507142364       -1.2822318322325497        11.810737638177207       -5.1581380438925901        3.0051772214085100     
  -4.0713689637310315        5.8978151886428378       -10.921973832604122       -1.2058875851559827        11.183252241157801       -4.8878322282015390        2.8494118355304834     
  -3.8524104362409068        5.5836931795630989       -10.347246179201868       -1.1345602871985498        10.593017035898795       -4.6333538621147570        2.7026674471834542     
  -3.6466064810852692        5.2882629541194506       -9.8063120386740490       -1.0678896981381401        10.037591524113399       -4.3936801597889783        2.5643674896368767     
  -3.4530850846522023        5.0102971680447457       -9.2969783918751734       -1.0055435928176801        9.5147099104872410       -4.1678605557520356        2.4339756671166706     
  -3.2710374222625416        4.7486564856415114       -8.8172077391187269      -0.94721542076409260        9.0222675759560147       -3.9550111617715156        2.3109929018414324     
  -3.0997128226265427        4.5022827893868573       -8.3651061518992673      -0.89262221781814688        8.5583086026465853       -3.7543097273883057        2.1949545210785777     
  -2.9384142774140423        4.2701929183248524       -7.9389122498411426      -0.84150258389509869        8.1210144393269523       -3.5649909484719626        2.0854277068157212     
  -2.7864942986977215        4.0514728508560935       -7.5369872251078460      -0.79361497374164602        7.7086934050005445       -3.3863422185906891        1.9820091179947130     
  -2.6433510486989737        3.8452725129208196       -7.1578055368424947      -0.74873603682948642        7.3197711186065524       -3.2176996853086783        1.8843227198544399     
  -2.5084249210927783        3.6508008733818547       -6.7999464568418775      -0.70665915772173993        6.9527816754083434       -3.0584446368004423        1.7920177664452803     
  -2.3811952803400196        3.4673215236646464       -6.4620862551222666      -0.66719310149043887        6.6063595447416059       -2.9080001724057625        1.7047669823868814     
  -2.2611775413004946        3.2941485864586970       -6.1429910235240452      -0.63016077878499943        6.2792321291491513       -2.7658281416653581        1.6222648353193092     
  -2.1479204611612341        3.1306429553011950       -5.8415100725307694      -0.59539813769934469        5.9702128863639050       -2.6314263250638259        1.5442259872580641     
  -2.0410036500955333        2.9762088461865002       -5.5565698230508884      -0.56275309130371731        5.6781950494262814       -2.5043258295999085        1.4703838379585594     
  -1.9400352962335292        2.8302905853713543       -5.2871682525556141      -0.53208462354783803        5.4021457890713593       -2.3840886944285673        1.4004891952578418     
  -1.8446500291049361        2.6923697327059304       -5.0323696717233624      -0.50326188783768777        5.1411008731000924       -2.2703056730122038        1.3343090449760124     
  -1.7545070336198925        2.5619623241714358       -4.7913000007653332      -0.47616343785561949        4.8941597129564265       -2.1625942032101135        1.2716254023691993     
  -1.6692882129767637        2.4386164240882864       -4.5631423495437682      -0.45067648208294087        4.6604808262272144       -2.0605965067142895        1.2122342734731424     
  -1.5886965813426845        2.3219098045857596       -4.3471329788708166      -0.42669623916210719        4.4392776164758532       -1.9639778579124478        1.1559446751989808     
  -1.5124547239701189        2.2114478463976708       -4.1425575322236297      -0.40412531384576039        4.2298144953425068       -1.8724249716559851        1.1025777343392344     
  -1.4403034154507663        2.1068615653176290       -3.9487475815238353      -0.38287313399337203        4.0314032991923883       -1.7856445113406563        1.0519658571611477     
  -1.3720003127484832        2.0078058122479918       -3.7650774322076468      -0.36285544315405421        3.8433999705533592       -1.7033617135001053        1.0039519598474922     
  -1.3073187672323721        1.9139576121564197       -3.5909611499924146      -0.34399382398897932        3.6652014934125003       -1.6253191109282665       0.95838875090480280     
  -1.2460467304159153        1.8250146085073100       -3.4258498231927477      -0.32621526167472958        3.4962430525505468       -1.5512753582259440       0.91513806697639066     
  -1.1879857252168224        1.7406936387037819       -3.2692290278304093      -0.30945173702329215        3.3359954226461523       -1.4810041237674088       0.87407026767439921     
  -1.1329499061366324        1.6607294135323643       -3.1206164832862919      -0.29363987601977731        3.1839625160045806       -1.4142930906069686       0.83506365623672929     
  -1.0807651875255424        1.5848733002948667       -2.9795598559883714      -0.27872058570900926        3.0396791471154030       -1.3509430091866987       0.79800395726432061     
  -1.0312684436545465        1.5128921719251680       -2.8456347639858652      -0.26463875569653728        2.9027089435652731       -1.2907668227395734       0.76278382401680633     
 -0.98430674515905237        1.4445673763546480       -2.7184428933519418      -0.25134297254528704        2.7726424009324835       -1.2335888633129242       0.72930238192954122     
 -0.93973668327802351        1.3796937549380131       -2.5976102543740187      -0.23878523859067047        2.6490950992624671       -1.1792440956440657       0.69746480798726862     
 -0.89742372228000511        1.3180787304780381       -2.4827855868635038      -0.22692074128570075        2.5317060300193686       -1.1275774207340921       0.66718193293486727     
 -0.85724159493559382        1.2595414876264650       -2.3736388466991314      -0.21570761840470232        2.4201360501242597       -1.0784430261845903       0.63836988040489440     
 -0.81907176771362278        1.2039121782702003       -2.2698598227423412      -0.20510674842501020        2.3140664477202280       -1.0317037840424113       0.61094972269920955     
 -0.78280291263567292        1.1510312075834803       -2.1711568453584560      -0.19508156176033778        2.2131976039987227      -0.98723068982249995       0.58484716432848161     
 -0.74833043920738485        1.1007485635885472       -2.0772555779225179      -0.18559785604908324        2.1172477557998071      -0.94490233752456154       0.55999224850957474     
 -0.71555605314113313        1.0529231865178901       -1.9878979063210607      -0.17662363623075736        2.0259518363729847      -0.90460443855102091       0.53631908161361153     
 -0.68438733921553008        1.0074223968060712       -1.9028408922890441      -0.16812895576048556        1.9390604075803946      -0.86622936499673031       0.51376557696671132     
 -0.65473738643313673       0.96412134901946978       -1.8218558103980098      -0.16008578106973181        1.8563386544094811      -0.82967573179782128       0.49227321598693047     
 -0.62652442776887640       0.92290253446595283       -1.7447272404200975      -0.15246785340760274        1.7775654604866944      -0.79484800067091088       0.47178682606055333     
 -0.59967151304969879       0.88365530879010334       -1.6712522343122076      -0.14525057451144982        1.7025325357119137      -0.76165611680855561       0.45225437446500732     
 -0.57410619725801604       0.84627546303280488       -1.6012395253609781      -0.13841088750491048        1.6310436129946002      -0.73001516659576238       0.43362677085086127     
 -0.54976026013012314       0.81066481071383012       -1.5345088049591225      -0.13192717716919133        1.5629136925114386      -0.69984505878507774       0.41585768957556823     
 -0.52656943239693665       0.77673081594701299       -1.4708900366956910      -0.12577916915059784        1.4979683426114394      -0.67107022694908181       0.39890340091824134     
 -0.50447315265037951       0.74438623630832745       -1.4102228257154903      -0.11994784509914556        1.4360430413880041      -0.64361935304248807       0.38272261136481306     
 -0.48341433172482223       0.71354879874216193       -1.3523558196199690      -0.11441535378406470        1.3769825671294393      -0.61742510853618737       0.36727631740510608     
 -0.46333914053616743       0.68414088649884597       -1.2971461608596004      -0.10916493532492014        1.3206404301610495      -0.59242391029395569       0.35252766801189489     
 -0.44419680264121936       0.65608925831754861       -1.2444589681709977      -0.10418085301070498        1.2668783354727371      -0.56855569648358495       0.33844183454615523     
 -0.42593941113396422       0.62932478037290795       -1.1941668488284189       -9.9448320305356996E-002   1.2155656883095010      -0.54576371377321853       0.32498589227024249     
 -0.40852175245272793       0.60378217145167967       -1.1461494536476664       -9.4953442682805630E-002   1.1665791280342985      -0.52399431996556423       0.31212870485701855     
 -0.39190113748749056       0.57939977612128668       -1.1002930504806299       -9.0683159186509266E-002   1.1198020920756453      -0.50319679909932957       0.29984082146542568     
 -0.37603725432359836       0.55611934247322792       -1.0564901294868883       -8.6625186160735390E-002   1.0751244120805930      -0.48332318758045839       0.28809437559398560     
 -0.36089202102531437       0.53388581842981309       -1.0146390368244003       -8.2767971908048452E-002   1.0324419297103358      -0.46432811231890980       0.27686299471166459     
 -0.34642945227191690       0.51264716403558197      -0.97464362284538753       -7.9100644389474117E-002  0.99165614333237406      -0.44616863968935822       0.26612171046604760     
 -0.33261553660972631       0.49235416704528112      -0.93641292478543148       -7.5612972066498377E-002  0.95267387389410596      -0.42880413132575085       0.25584688090002988     
 -0.31941811408652265       0.47296028223749753      -0.89986085857855391       -7.2295321529851755E-002  0.91540695231150870      -0.41219611293231284       0.24601611173322957     
 -0.30680677212899182       0.45442147023736784      -0.86490593685090167       -6.9138620643167614E-002  0.87977192714240637      -0.39630814805896603       0.23660818447955462     
 -0.29475273880063374       0.43669605314995680      -0.83147100104454208       -6.6134321559707235E-002  0.84568979107078834      -0.38110572097358836       0.22760299188603750     
 -0.28322878878332269       0.41974457526994652      -0.79948297449264971       -6.3274370055027340E-002  0.81308572421037151      -0.36655612691222772       0.21898147228903056     
 -0.27220915089603742       0.40352967768991932      -0.76887262524253430       -6.0551175000876770E-002  0.78188885117973572      -0.35262836923488505       0.21072555223771738     
 -0.26166942733798870       0.38801597439566243      -0.73957434616888518       -5.7957576291028871E-002  0.75203201819442023      -0.33929306250059488       0.20281808919695610     
 -0.25158651129829895       0.37316993864484144      -0.71152595303367583       -5.5486822794188623E-002  0.72345157931366366      -0.32652234049835294       0.19524282186657368     
 -0.24193851211726750       0.35895980130858540      -0.68466848561540172       -5.3132544715340881E-002  0.69608719722280388      -0.31428977275731002       0.18798431844928162     
 -0.23270469024828416       0.34535544575135269      -0.65894602904544719       -5.0888730648688388E-002  0.66988165729703664      -0.30257028281367770       0.18102793279118076     
 -0.22386538648056761       0.33232831743001545      -0.63430554242720316       -4.8749705778406704E-002  0.64478069217306877      -0.29134007356797875       0.17435975926756950     
 -0.21540196394897232       0.31985133496426632      -0.61069669901621559       -4.6710112723819794E-002  0.62073281607850150      -0.28057655616321842       0.16796659388074245     
 -0.20729674898921735       0.30789880863553193      -0.58807173366102627       -4.4764890512525253E-002  0.59768917115904019      -0.27025828347399550       0.16183589397392981     
 -0.19953297852696683       0.29644636073043484      -0.56638530365562456       -4.2909258922188588E-002  0.57560338032547576      -0.26036488770160732       0.15595574371715992     
 -0.19209474700483478       0.28547085528400412      -0.54559435284975399       -4.1138699130546338E-002  0.55443141277040675      -0.25087702071329776       0.15031481950659950     
 -0.18496696119982864       0.27495032683237336      -0.52565798952503240       -3.9448941902624921E-002  0.53413145241065108      -0.24177629932043732       0.14490235762179079     
 -0.17813529260308261       0.26486391926306224      -0.50653736401964167       -3.7835948795821507E-002  0.51466377879999792      -0.23304525257366501       0.13970812537943816     
 -0.17158613854005622       0.25519182081509684      -0.48819556257483343       -3.6295901286554334E-002  0.49599065261737829      -0.22466727300819159       0.13472239106011874     
 -0.16530657818640263       0.24591521170766995      -0.47059749953093000       -3.4825187509649642E-002  0.47807620786059973      -0.21662656995801002       0.12993589861861432     
 -0.15928433958054375       0.23701620733001164      -0.45370981941518101       -3.3420388852376894E-002  0.46088635194060018      -0.20890812563767258       0.12533984213085636     
 -0.15350776171514036       0.22847780794343295      -0.43750080605463376       -3.2078270997347329E-002  0.44438866863953319      -0.20149765556544630       0.12092584088752764     
 -0.14796576139091797       0.22028385330268424      -0.42194029232413222       -3.0795770465540179E-002  0.42855233134086551      -0.19438156709602816       0.11668591926687774     
 -0.14264780441008226       0.21241897447880306      -0.40699958097706490       -2.9569988035099637E-002  0.41334801523672049      -0.18754692577029303       0.11261248348739017     
 -0.13754387298306081       0.20486855488944708      -0.39265136399422051       -2.8398176346220334E-002  0.39874782030801675      -0.18098141891033917       0.10869830237208536     
 -0.13264444106615669       0.19761868771127800      -0.37886965173918463       -2.7277732989366050E-002  0.38472519509830483      -0.17467332361598545       0.10493648937467069     
 -0.12794044595846743       0.19065614008056356      -0.36562970301315534       -2.6206192026497693E-002  0.37125486601947960      -0.16861147636072685       0.10132048340992254     
 -0.12342326497945612       0.18396831739015046      -0.35290795954355669       -2.5181216104734984E-002  0.35831277031809750      -0.16278524387927751        9.7844033184747367E-002
 -0.11908469246460390       0.17754322913330237      -0.34068198482292866       -2.4200588525158884E-002  0.34587599408372433      -0.15718449549312302        9.4501180636589993E-002
 -0.11491691690840036       0.17136945772624035      -0.32893040717198657       -2.3262208380795783E-002  0.33392271112249750      -0.15179957772016467        9.1286246605058061E-002
 -0.11091250072818590       0.16543613001245475      -0.31763286243216360       -2.2364081654907223E-002  0.32243212830818391      -0.14662128980916680        8.8193815769492936E-002
 -0.10706436211175654       0.15973288649466397      -0.30676994523859336       -2.1504317436609074E-002  0.31138443169494751      -0.14164086023744887        8.5218724689067368E-002
 -0.10336575392787917       0.15424985789356119      -0.29632315758366234       -2.0681120896596850E-002  0.30076073660398395      -0.13684992561019177        8.2356047482508271E-002
  -9.9810249407132234E-002  0.14897763758026283      -0.28627486423737902       -1.9892788719041429E-002  0.29054304002800113      -0.13224050963277900        7.9601085231632798E-002
  -9.6391723394118986E-002  0.14390725949435862      -0.27660824803352185       -1.9137702989885947E-002  0.28071417685863087      -0.12780500361112360        7.6949354074126286E-002
  -9.3104338304574541E-002  0.13903017467463116      -0.26730727026335549       -1.8414328613874719E-002  0.27125777613798752      -0.12353614837773638        7.4396574337228794E-002
  -8.9942528473135941E-002  0.13433823192906427      -0.25835662881134913       -1.7721206403366000E-002  0.26215822227531188      -0.11942701642659746        7.1938661009152569E-002
  -8.6900988085365907E-002  0.12982365489743386      -0.24974172428114280       -1.7056950559542240E-002  0.25340061666879393      -0.11547099587034865        6.9571713500276952E-002
  -8.3974655310479984E-002  0.12547902623004967      -0.24144862325067934       -1.6420244315276035E-002  0.24497074204630348      -0.11166177445917873        6.7292007245611116E-002
  -8.1158702829240328E-002  0.12129726790577418      -0.23346402548351550       -1.5809835969904457E-002  0.23685502864743174      -0.10799332509156652        6.5095984203818874E-002
  -7.8448524443511192E-002  0.11727162458744929      -0.22577523319787637       -1.5224535775524737E-002  0.22904052195642999      -0.10445989175240630        6.2980245884419570E-002
  -7.5839724334500355E-002  0.11339564818761658      -0.21837012082551197       -1.4663212013075577E-002  0.22151485319166059      -0.10105597605537124        6.0941544486612376E-002
  -7.3328107092791861E-002  0.10966318198275153      -0.21123710786340158       -1.4124789387962067E-002  0.21426620904143354       -9.7776325174257148E-002   5.8976776367906096E-002
  -7.0909667131597645E-002  0.10606834735008507      -0.20436513045426480       -1.3608243585661031E-002  0.20728330642832338       -9.4615919307273436E-002   5.7082974888226744E-002
  -6.8580580357886736E-002  0.10260552818682285      -0.19774361920285491       -1.3112601467412902E-002  0.20055536486609071       -9.1569961195948846E-002   5.5257303652085088E-002
  -6.6337193410054576E-002   9.9269361053926100E-002 -0.19136247193393766       -1.2636935820427504E-002  0.19407208363784079       -8.8633864646662633E-002   5.3497050527991988E-002
  -6.4176018056196327E-002   9.6054719664832977E-002 -0.18521203405761497       -1.2180364904216312E-002  0.18782361746668591       -8.5803244950162685E-002   5.1799621697531210E-002
  -6.2093720179524386E-002   9.2956706179638360E-002 -0.17928307498930793       -1.1742048788517296E-002  0.18180055529019010       -8.3073909079218300E-002   5.0162536024034955E-002
  -6.0087114819273521E-002   8.9970638242129516E-002 -0.17356676920591366       -1.1321187873564179E-002  0.17599389917042599       -8.0441846742075496E-002   4.8583419550198896E-002
  -5.8153157231435666E-002   8.7092039862788545E-002 -0.16805467629768855       -1.0917020499966595E-002  0.17039504487538545       -7.7903221374715462E-002   4.7060000853347918E-002
  -5.6288937192588158E-002   8.4316630936377521E-002 -0.16273872297871728       -1.0528821333693246E-002  0.16499576274818770       -7.5454362351824344E-002   4.5590105899006861E-002
  -5.4491672038186924E-002   8.1640318223171401E-002 -0.15761118545387007       -1.0155899108400743E-002  0.15978818026745326       -7.3091757028725210E-002   4.4171653630346343E-002
  -5.2758700900234906E-002   7.9059186190810662E-002 -0.15266467327819017       -9.7975950353348766E-003  0.15476476526608263       -7.0812043275877368E-002   4.2802651640073602E-002
  -5.1087478545737711E-002   7.6569488868582586E-002 -0.14789211371630417       -9.4532814125016969E-003  0.14991830966855871       -6.8612002589246587E-002   4.1481192098483263E-002
  -4.9475570203590863E-002   7.4167641968260978E-002 -0.14328673653224483       -9.1223595872718909E-003  0.14524191457938035       -6.6488553422892838E-002   4.0205447750387313E-002
  -4.7920646421779158E-002   7.1850214841796864E-002 -0.13884206045826458       -8.8042588968149892E-003  0.14072897581797411       -6.4438744672744089E-002   3.8973668457623609E-002
  -4.6420477716546560E-002   6.9613923900325184E-002 -0.13455187934454149       -8.4984350862345633E-003  0.13637317003189250       -6.2459750111863076E-002   3.7784177195124016E-002
  -4.4972930422000144E-002   6.7455625299180463E-002 -0.13041024969963613       -8.2043688519162286E-003  0.13216844221860916       -6.0548861996235964E-002   3.6635367375415291E-002
  -4.3575961785743522E-002   6.5372308719022859E-002 -0.12641147868432387       -7.9215650319053622E-003  0.12810899271940429       -5.8703486299520963E-002   3.5525698964823479E-002
  -4.2227616001410610E-002   6.3361091229170843E-002 -0.12255011230650674       -7.6495509225794666E-003  0.12418926594080526       -5.6921137148229141E-002   3.4453696093825571E-002
  -4.0926020167923773E-002   6.1419211231968168E-002 -0.11882092481902676       -7.3878753408317781E-003  0.12040393921594374       -5.5199432005376955E-002   3.3417943634391413E-002
  -3.9669380371203600E-002   5.9544023018417908E-002 -0.11521890840938234       -7.1361079199778101E-003  0.11674791175651378       -5.3536087111283881E-002   3.2417084890442177E-002
  -3.8455978063813540E-002   5.7732991731553961E-002 -0.11173926274184100       -6.8938372659688597E-003  0.11321629527956847       -5.1928912835533067E-002   3.1449818691152792E-002
  -3.7284166923474242E-002   5.5983687613051371E-002 -0.10837738664003295       -6.6606711293686555E-003  0.10980440363654148       -5.0375809661386189E-002   3.0514897107661070E-002
  -3.6152368857260413E-002   5.4293782375448525E-002 -0.10512886782203928       -6.4362343141399232E-003  0.10650774438315398       -4.8874764017562952E-002   2.9611122929888135E-002
  -3.5059072004990595E-002   5.2661043259260895E-002 -0.10198947579216977       -6.2201688205803440E-003  0.10332200963879300       -4.7423844520006725E-002   2.8737347574478680E-002
  -3.4002826420590146E-002   5.1083330101924972E-002  -9.8955152632356325E-002  -6.0121323967816760E-003  0.10024306812143401       -4.6021198266150004E-002   2.7892468861983169E-002
  -3.2982242584390316E-002   4.9558590110761386E-002  -9.6022005998265852E-002  -5.8117981653954274E-003   9.7266957024578854E-002  -4.4665047459749634E-002   2.7075429007609755E-002
  -3.1995987680253364E-002   4.8084854638955052E-002  -9.3186301396439131E-002  -5.6188535235228510E-003   9.4389874771441104E-002  -4.3353686076166298E-002   2.6285212591852451E-002
  -3.1042783695108590E-002   4.6660235034855231E-002  -9.0444455581026803E-002  -5.4329997550589771E-003   9.1608173830020956E-002  -4.2085476624693557E-002   2.5520844814388821E-002
  -3.0121404577805978E-002   4.5282919466751420E-002  -8.7793029616516069E-002  -5.2539512859954042E-003   8.8918353859285065E-002  -4.0858847236396552E-002   2.4781389735242097E-002
  -2.9230674289429385E-002   4.3951169258052328E-002  -8.5228722651505037E-002  -5.0814350318729631E-003   8.6317055286978639E-002  -3.9672288821574621E-002   2.4065948523333776E-002
  -2.8369464326699151E-002   4.2663315775826931E-002  -8.2748365871349691E-002  -4.9151897959910174E-003   8.3801053181148499E-002  -3.8524352298214520E-002   2.3373657878037878E-002
  -2.7536691745573556E-002   4.1417757316613471E-002  -8.0348916819023813E-002  -4.7549657346471616E-003   8.1367251372049226E-002  -3.7413646028604565E-002   2.2703688517510291E-002
  -2.6731317097476878E-002   4.0212956260230852E-002  -7.8027453879957034E-002  -4.6005238335175922E-003   7.9012676888225927E-002  -3.6338833277873121E-002   2.2055243743535118E-002
  -2.5952342586188806E-002   3.9047436257090368E-002  -7.5781171063593084E-002  -4.4516354291052286E-003   7.6734474514522699E-002  -3.5298630002402138E-002   2.1427557965495201E-002
  -2.5198810278638968E-002   3.7919779563678334E-002  -7.3607372979631852E-002  -4.3080815770351341E-003   7.4529901933129916E-002  -3.4291802406678153E-002   2.0819895505363003E-002
  -2.4469800303837903E-002   3.6828624459555280E-002  -7.1503470272999969E-002  -4.1696528594499984E-003   7.2396324643078144E-002  -3.3317164970422516E-002   2.0231549212184407E-002
  -2.3764429204414541E-002   3.5772663016132751E-002  -6.9466974815046503E-002  -4.0361486851079320E-003   7.0331211508368241E-002  -3.2373578305720754E-002   1.9661839322966473E-002
  -2.3081848508276350E-002   3.4750638528570868E-002  -6.7495495670852598E-002  -3.9073770311939277E-003   6.8332130307183020E-002  -3.1459947220055080E-002   1.9110112274360800E-002
  -2.2421242995357728E-002   3.3761343570748184E-002  -6.5586734820536202E-002  -3.7831540415711159E-003   6.6396743501982172E-002  -3.0575218840550707E-002   1.8575739686581241E-002
  -2.1781829483655958E-002   3.2803617775907595E-002  -6.3738483246948627E-002  -3.6633035970501052E-003   6.4522804229274144E-002  -2.9718380922125667E-002   1.8058117141271646E-002
  -2.1162855369219160E-002   3.1876345843906619E-002  -6.1948617232948339E-002  -3.5476569670448146E-003   6.2708152563152958E-002  -2.8888459994990939E-002   1.7556663395937543E-002
  -2.0563597320714992E-002   3.0978455674880463E-002  -6.0215094785745646E-002  -3.4360525445179036E-003   6.0950711753447261E-002  -2.8084519885247745E-002   1.7070819263905607E-002
  -1.9983360071085865E-002   3.0108916559721550E-002  -5.8535952164505148E-002  -3.3283354819492283E-003   5.9248484779763008E-002  -2.7305660096048873E-002   1.6600046744956722E-002
  -1.9421475244480197E-002   2.9266737406895772E-002  -5.6909300605479322E-002  -3.2243573183107269E-003   5.7599551057336232E-002  -2.6551014328945022E-002   1.6143828217290115E-002
  -1.8877300214266722E-002   2.8450965038430417E-002  -5.5333323353720820E-002  -3.1239758078122765E-003   5.6002063225607392E-002  -2.5819749096354577E-002   1.5701665479592449E-002
  -1.8350216930142937E-002   2.7660682778831710E-002  -5.3806272512827498E-002  -3.0270546020840306E-003   5.4454244076598178E-002  -2.5111062361330129E-002   1.5273079069821923E-002
  -1.7839631098483119E-002   2.6895008784979291E-002  -5.2326466246176352E-002  -2.9334628848064594E-003   5.2954383772822730E-002  -2.4424182230362357E-002   1.4857607446541139E-002
  -1.7344971035514817E-002   2.6153094595728336E-002  -5.0892286200113310E-002  -2.8430753376075838E-003   5.1500836928891416E-002  -2.3758365761987379E-002   1.4454806239472002E-002
  -1.6865686701290149E-002   2.5434123953844132E-002  -4.9502174650744066E-002  -2.7557716688393244E-003   5.0092020088983627E-002  -2.3112897725754398E-002   1.4064247636431070E-002
  -1.6401249024122187E-002   2.4737311185766057E-002  -4.8154632280365407E-002  -2.6714365566427932E-003   4.8726409109991271E-002  -2.2487089554168834E-002   1.3685519602838437E-002
  -1.5951148730420962E-002   2.4061900224249110E-002  -4.6848215631517844E-002  -2.5899593429667372E-003   4.7402536796500042E-002  -2.1880278191742580E-002   1.3318225327927345E-002
  -1.5514895809466116E-002   2.3407163221705964E-002  -4.5581534912461683E-002  -2.5112338445684983E-003   4.6118990575790393E-002  -2.1291825095816778E-002   1.2961982606885197E-002
  -1.5092018548503471E-002   2.2772399474831589E-002  -4.4353251856467990E-002  -2.4351582034534505E-003   4.4874410258417353E-002  -2.0721115276646343E-002   1.2616423221148500E-002
  -1.4682062857586402E-002   2.2156934355543924E-002  -4.3162077537345342E-002  -2.3616346270878452E-003   4.3667485973150282E-002  -2.0167556311475255E-002   1.2281192403686756E-002
  -1.4284591586542415E-002   2.1560118144552831E-002  -4.2006770508555391E-002  -2.2905692588372608E-003   4.2496956110313601E-002  -1.9630577458709327E-002   1.1955948329885948E-002
  -1.3899183736576257E-002   2.0981325146532396E-002  -4.0886134848751580E-002  -2.2218719966836651E-003   4.1361605391973075E-002  -1.9109628824107341E-002   1.1640361508338708E-002
  -1.3525433902947295E-002   2.0419952681686841E-002  -3.9799018341080197E-002  -2.1554563265444261E-003   4.0260263040354245E-002  -1.8604180468694324E-002   1.1334114449667962E-002
  -1.3162951625002389E-002   1.9875420147273094E-002  -3.8744310745493414E-002  -2.0912391622815965E-003   3.9191800997961067E-002  -1.8113721686141216E-002   1.1036901054458117E-002
  -1.2811360762306212E-002   1.9347168152082796E-002  -3.7720942163329781E-002  -2.0291407518699301E-003   3.8155132191745628E-002  -1.7637760216440406E-002   1.0748426217752368E-002
  -1.2470298937905513E-002   1.8834657703841341E-002  -3.6727881347006670E-002  -1.9690844030241959E-003   3.7149209003038773E-002  -1.7175821508367634E-002   1.0468405454525872E-002
  -1.2139417017511473E-002   1.8337369300285108E-002  -3.5764134367853966E-002  -1.9109965299209486E-003   3.6173021630106640E-002  -1.6727448051070959E-002   1.0196564363332909E-002
  -1.1818378486578560E-002   1.7854802353065406E-002  -3.4828742924583565E-002  -1.8548063938041675E-003   3.5225596606735833E-002  -1.6292198706760252E-002   9.9326383653249375E-003
  -1.1506859146940253E-002   1.7386474209783433E-002  -3.3920783102662652E-002  -1.8004459689714297E-003   3.4305995488329029E-002  -1.5869648040954733E-002   9.6763722260340811E-003
  -1.1204546393178057E-002   1.6931919605773095E-002  -3.3039364055901840E-002  -1.7478500130969148E-003   3.3413313295963670E-002  -1.5459385761466897E-002   9.4275197628458998E-003
  -1.0911138909470701E-002   1.6490690011368207E-002  -3.2183626502241595E-002  -1.6969556587323382E-003   3.2546677403036579E-002  -1.5061016101925931E-002   9.1858434526366928E-003
  -1.0626346262852608E-002   1.6062352754042438E-002  -3.1352741838296096E-002  -1.6477025894290512E-003   3.1705246154015300E-002  -1.4674157274493936E-002   8.9511141172637435E-003
  -1.0349888253667920E-002   1.5646490738129518E-002  -3.0545910643003490E-002  -1.6000327506806421E-003   3.0888207731651143E-002  -1.4298440929534702E-002   8.7231106012974780E-003
  -1.0081494834734344E-002   1.5242701539568700E-002  -2.9762361758730923E-002  -1.5538903452055920E-003   3.0094778988059564E-002  -1.3933511631061900E-002   8.5016194785172399E-003
  -9.8209054411668596E-003   1.4850597028228519E-002  -2.9001351109913934E-002  -1.5092217190436558E-003   2.9324204328355537E-002  -1.3579026385153830E-002   8.2864347345210365E-003
  -9.5678687913861877E-003   1.4469802735239720E-002  -2.8262160687749307E-002  -1.4659752476507673E-003   2.8575754679041620E-002  -1.3234654163733563E-002   8.0773574975647345E-003
  -9.3221424578431959E-003   1.4099957342974685E-002  -2.7544097584035806E-002  -1.4241012792940071E-003   2.7848726495022610E-002  -1.2900075406548462E-002   7.8741958004241823E-003
  -9.0834925393472842E-003   1.3740712207061103E-002  -2.6846493010205631E-002  -1.3835520830568710E-003   2.7142440704216571E-002  -1.2574981662657147E-002   7.6767642782907377E-003
  -8.8516933549236225E-003   1.3391730850880785E-002  -2.6168701355074694E-002  -1.3442816693762078E-003   2.6456241872955998E-002  -1.2259075139843225E-002   7.4848839039484139E-003
  -8.6265271122839358E-003   1.3052688476386270E-002  -2.5510099409173714E-002  -1.3062458128571906E-003   2.5789497300642488E-002  -1.1952068257578474E-002   7.2983818184073727E-003
  -8.4077835808131895E-003   1.2723271610335521E-002  -2.4870085432196140E-002  -1.2694019830006636E-003   2.5141596101252044E-002  -1.1653683322789135E-002   7.1170910725205034E-003
  -8.1952598820516729E-003   1.2403177597099704E-002  -2.4248078344295588E-002  -1.2337092136536422E-003   2.4511948418572318E-002  -1.1363652160151822E-002   6.9408503621342958E-003
  -7.9887601479030988E-003   1.2092114192980463E-002  -2.3643517005238118E-002  -1.1991280504672051E-003   2.3899984663149229E-002  -1.1081715729999849E-002   6.7695038869641363E-003
  -7.7880952539784755E-003   1.1789799212207418E-002  -2.3055859473842175E-002  -1.1656205293432058E-003   2.3305154753262603E-002  -1.0807623785176763E-002   6.6029011100751074E-003
  -7.5930825916844377E-003   1.1495960161469240E-002  -2.2484582253355537E-002  -1.1331501358759824E-003   2.2726927314532172E-002  -1.0541134590570616E-002   6.4408965633066737E-003
  -7.4035458446445740E-003   1.1210333845903456E-002  -2.1929179574752641E-002  -1.1016816252375937E-003   2.2164789099559920E-002  -1.0282014547765445E-002   6.2833496851551381E-003
  -7.2193147217562582E-003   1.0932665977019364E-002  -2.1389162883341237E-002  -1.0711811251050668E-003   2.1618244215397344E-002  -1.0030037963260225E-002   6.1301246036109180E-003
  -7.0402246849966743E-003   1.0662710987987803E-002  -2.0864060040029251E-002  -1.0416159622450968E-003   2.1086813571395663E-002  -9.7849866857602757E-003   5.9810900252093152E-003
  -6.8661168711549722E-003   1.0400231554804852E-002  -2.0353414836608224E-002  -1.0129547034473394E-003   2.0570034176499202E-002  -9.5466499077167671E-003   5.8361189855341920E-003
  -6.6968377425212656E-003   1.0144998397253160E-002  -1.9856786332514257E-002  -9.8516702606223951E-004   2.0067458621940804E-002  -9.3148238267701539E-003   5.6950887731169342E-003
  -6.5322389811722868E-003   9.8967899190225694E-003  -1.9373748366860365E-002  -9.5822373292935622E-004   1.9578654469352776E-002  -9.0893114479585879E-003   5.5578807205955158E-003
  -6.3721772423279369E-003   9.6553919780481366E-003  -1.8903888975716439E-002  -9.3209669274984988E-004   1.9103203726256866E-002  -8.8699222913159737E-003   5.4243800813981342E-003
  -6.2165140102530174E-003   9.4205975871360804E-003  -1.8446809875455772E-002  -9.0675878696361615E-004   1.8640702295538748E-002  -8.6564721912281740E-003   5.2944759075848153E-003
  -6.0651154122861707E-003   9.1922066362831682E-003  -1.8002125998931369E-002  -8.8218386650281322E-004   1.8190759509727029E-002  -8.4487830640603712E-003   5.1680608551040548E-003
  -5.9178520154690110E-003   8.9700256882320577E-003  -1.7569465005888827E-002  -8.5834674613669839E-004   1.7752997618424516E-002  -8.2466826590964354E-003   5.0450311341528322E-003
  -5.7745987212534716E-003   8.7538677132304489E-003  -1.7148466801711587E-002  -8.3522312456589499E-004   1.7327051329842070E-002  -8.0500044004385412E-003   4.9252863040548031E-003
  -5.6352345796799068E-003   8.5435518382208902E-003  -1.6738783145420037E-002  -8.1278958794286449E-004   1.6912567370565047E-002  -7.8585871344044617E-003   4.8087292148875048E-003
  -5.4996426186266368E-003   8.3389031782105973E-003  -1.6340077171588429E-002  -7.9102354237030282E-004   1.6509204048737593E-002  -7.6722749726832401E-003   4.6952658634987782E-003
  -5.3677097606033217E-003   8.1397525534114435E-003  -1.5952023042106744E-002  -7.6990321462900224E-004   1.6116630843126287E-002  -7.4909170874289076E-003   4.5848052849552469E-003
  -5.2393266036229406E-003   7.9459363569051051E-003  -1.5574305498916646E-002  -7.4940759398045868E-004   1.5734527999918639E-002  -7.3143675482105043E-003   4.4772594384616315E-003
  -5.1143873704663752E-003   7.7572962927028241E-003  -1.5206619532194860E-002  -7.2951640631014193E-004   1.5362586176957755E-002  -7.1424851125932312E-003   4.3725431376640412E-003
  -4.9927897117267844E-003   7.5736792301172402E-003  -1.4848670009950053E-002  -7.1021011732866454E-004   1.5000506020900852E-002  -6.9751331259400393E-003   4.2705739041719376E-003
  -4.8744346281279832E-003   7.3949370154337817E-003  -1.4500171298483100E-002  -6.9146984564900796E-004   1.4647997890356782E-002  -6.8121792925477228E-003   4.1712719028234018E-003
  -4.7592263427469984E-003   7.2209262641556695E-003  -1.4160846983070470E-002  -6.7327740589084265E-004   1.4304781445880823E-002  -6.6534955629369095E-003   4.0745598471271655E-003
  -4.6470721628677544E-003   7.0515082410564679E-003  -1.3830429491209432E-002  -6.5561522553193689E-004   1.3970585363656248E-002  -6.4989579812695696E-003   3.9803629012985058E-003
  -4.5378824083334253E-003   6.8865486534302788E-003  -1.3508659826240332E-002  -6.3846635777609344E-004   1.3645147011845528E-002  -6.3484465228833466E-003   3.8886086094568045E-003
  -4.4315702728194035E-003   6.7259175295742470E-003  -1.3195287238442223E-002  -6.2181444364204578E-004   1.3328212126036444E-002  -6.2018449988203673E-003   3.7992267974395863E-003
  -4.3280517513873320E-003   6.5694890399856367E-003  -1.2890068956553086E-002  -6.0564367265825007E-004   1.3019534571113189E-002  -6.0590408757294940E-003   3.7121494981981209E-003
  -4.2272455131762395E-003   6.4171413727096231E-003  -1.2592769923613689E-002  -5.8993881503956961E-004   1.2718875996921229E-002  -5.9199251764392811E-003   3.6273108975519324E-003
  -4.1290728320051628E-003   6.2687566012450359E-003  -1.2303162483695368E-002  -5.7468513501461257E-004   1.2426005609411483E-002  -5.7843923702857198E-003   3.5446472201851442E-003
  -4.0334574993958275E-003   6.1242205099045748E-003  -1.2021026186786379E-002  -5.5986841779182787E-004   1.2140699911734299E-002  -5.6523402109618032E-003   3.4640967032307179E-003
  -3.9403257003690862E-003   5.9834225184646397E-003  -1.1746147498477785E-002  -5.4547494199329771E-004   1.1862742416401029E-002  -5.5236696774891188E-003   3.3855994954007768E-003
  -3.8496059805960769E-003   5.8462555175418304E-003  -1.1478319575173510E-002  -5.3149143504606518E-004   1.1591923454570927E-002  -5.3982848245988074E-003   3.3090976122837606E-003
  -3.7612291264040093E-003   5.7126157630732130E-003  -1.1217342054747696E-002  -5.1790509495015097E-004   1.1328039908129238E-002  -5.2760927012945619E-003   3.2345348517509630E-003
  -3.6751281045344316E-003   5.5824027730864674E-003  -1.0963020807270607E-002  -5.0470354850140587E-004   1.1070895003780492E-002  -5.1570032268053196E-003   3.1618567681175901E-003
  -3.5912379906857723E-003   5.4555191968475034E-003  -1.0715167738752928E-002  -4.9187484365996947E-004   1.0820298082290323E-002  -5.0409291217713070E-003   3.0910105829210495E-003
  -3.5094958884543800E-003   5.3318707157236148E-003  -1.0473600586274244E-002  -4.7940742852802649E-004   1.0576064404549650E-002  -4.9277858030910065E-003   3.0219451243980065E-003
  -3.4298408614723318E-003   5.2113659458258707E-003  -1.0238142720268208E-002  -4.6729013387451947E-004   1.0338014963713374E-002  -4.8174912679860389E-003   2.9546108230998607E-003
  -3.3522138732110579E-003   5.0939163300577741E-003  -1.0008622966638641E-002  -4.5551218880597464E-004   1.0105976252629392E-002  -4.7099660592143612E-003   2.8889595831316120E-003
  -3.2765577126423182E-003   4.9794360632949286E-003  -9.7848753885548100E-003  -4.4406316263152909E-004   9.8797801190782346E-003  -4.6051331257926055E-003   2.8249448066006125E-003
  -3.2028169563762679E-003   4.8678419604231554E-003  -9.5667391485598878E-003  -4.3293297393571096E-004   9.6592635680242227E-003  -4.5029177837167473E-003   2.7625212906136525E-003
  -3.1309378687573936E-003   4.7590534001991707E-003  -9.3540583373507794E-003  -4.2211189370749584E-004   9.4442685872488576E-003  -4.4032476160814366E-003   2.7016452123861064E-003
  -3.0608683719290861E-003   4.6529922511991430E-003  -9.1466817678418060E-003  -4.1159049485084539E-004   9.2346419967857165E-003  -4.3060524008272927E-003   2.6422740694996998E-003
  -2.9925580078029000E-003   4.5495827327156650E-003  -8.9444628800106757E-003  -4.0135968423670723E-004   9.0302352629527387E-003  -4.2112640478573797E-003   2.5843666379038377E-003
  -2.9259578250082990E-003   4.4487514093765040E-003  -8.7472595285104145E-003  -3.9141064578891515E-004   8.8309043753561477E-003  -4.1188165158492288E-003   2.5278829361521939E-003
  -2.8610204023171199E-003   4.3504270469488298E-003  -8.5549338920795377E-003  -3.8173487453806545E-004   8.6365096738002418E-003  -4.0286457534183476E-003   2.4727841787515617E-003
  -2.7976997314763325E-003   4.2545405967497315E-003  -8.3673522818996995E-003  -3.7232413705519927E-004   8.4469157124014409E-003  -3.9406896342037189E-003   2.4190327399223380E-003
  -2.7359512250945007E-003   4.1610250764441917E-003  -8.1843850354664533E-003  -3.6317046525610232E-004   8.2619911285474797E-003  -3.8548878857632097E-003   2.3665921165772871E-003
  -2.6757316276849355E-003   4.0698155267147786E-003  -8.0059063844209102E-003  -3.5426616091651308E-004   8.0816084927561160E-003  -3.7711820436271614E-003   2.3154268806370721E-003
  -2.6169989926335805E-003   3.9808489485915425E-003  -7.8317943106124329E-003  -3.4560376458928857E-004   7.9056442039339772E-003  -3.6895153715876660E-003   2.2655026735664851E-003
  -2.5597126418672842E-003   3.8940642209493916E-003  -7.6619304462988008E-003  -3.3717607541189050E-004   7.7339783384519833E-003  -3.6098328300034422E-003   2.2167861344735448E-003
  -2.5038331104456986E-003   3.8094020613486752E-003  -7.4961999286322425E-003  -3.2897611498357331E-004   7.5664945458331174E-003  -3.5320810029999226E-003   2.1692448938556196E-003
  -2.4493221245910995E-003   3.7268049396025440E-003  -7.3344913092394486E-003  -3.2099712552205553E-004   7.4030799373135080E-003  -3.4562080528022861E-003   2.1228475344371145E-003
  -2.3961425396814935E-003   3.6462170424176633E-003  -7.1766964467991469E-003  -3.1323258285133348E-004   7.2436249602434296E-003  -3.3821636697828530E-003   2.0775635576767556E-003
  -2.3442583214792452E-003   3.5675842232240750E-003  -7.0227103696263388E-003  -3.0567616135245695E-004   7.0880233000255675E-003  -3.3098990200096218E-003   2.0333633587011936E-003
  -2.2936345187387882E-003   3.4908539156064105E-003  -6.8724312076957244E-003  -2.9832174116188175E-004   6.9361717716588328E-003  -3.2393667027414749E-003   1.9902181950374616E-003
  -2.2442371942221085E-003   3.4159751162305850E-003  -6.7257600773624211E-003  -2.9116339675751887E-004   6.7879702247436056E-003  -3.1705207000929290E-003   1.9481001604044180E-003
  -2.1960334248273786E-003   3.3428983198150030E-003  -6.5826009896001797E-003  -2.8419539548818338E-004   6.6433214400032289E-003  -3.1033163350301729E-003   1.9069821618702364E-003
  -2.1489912559873423E-003   3.2715754730399012E-003  -6.4428607531659930E-003  -2.7741218367115494E-004   6.5021310392425610E-003  -3.0377102321639936E-003   1.8668378863751769E-003
  -2.1030796701128496E-003   3.2019599259622768E-003  -6.3064488933264424E-003  -2.7080838486415496E-004   6.3643073959866892E-003  -2.9736602724035480E-003   1.8276417798564217E-003
  -2.0582685582460807E-003   3.1340063922518603E-003  -6.1732775603318361E-003  -2.6437879206820747E-004   6.2297615494365261E-003  -2.9111255492789258E-003   1.7893690270990392E-003
  -2.0145286909092133E-003   3.0676709020645890E-003  -6.0432614504647118E-003  -2.5811836741953186E-004   6.0984071096398720E-003  -2.8500663427571821E-003   1.7519955242429163E-003
  -1.9718316906046566E-003   3.0029107643087054E-003  -5.9163177177492905E-003  -2.5202222326444504E-004   5.9701601928824621E-003  -2.7904440709843100E-003   1.7154978580669927E-003
  -1.9301500066346926E-003   2.9396845179668991E-003  -5.7923659103499255E-003  -2.4608563340688483E-004   5.8449393284282650E-003  -2.7322212619168228E-003   1.6798532823164970E-003
  -1.8894568816854316E-003   2.8779519055043079E-003  -5.6713278809020556E-003  -2.4030401310464302E-004   5.7226653936008568E-003  -2.6753615134004786E-003   1.6450396993009037E-003
  -1.8497263372639623E-003   2.8176738233604030E-003  -5.5531277278412722E-003  -2.3467292642770319E-004   5.6032615337973579E-003  -2.6198294603670042E-003   1.6110356429276441E-003
  -1.8109331397048217E-003   2.7588122962165932E-003  -5.4376917129942259E-003  -2.2918807453662062E-004   5.4866530897486141E-003  -2.5655907489453775E-003   1.5778202510707072E-003
  -1.7730527853085526E-003   2.7013304319038179E-003  -5.3249482014671680E-003  -2.2384528815290027E-004   5.3727675371033111E-003  -2.5126119980827758E-003   1.5453732525053257E-003
  -1.7360614695585452E-003   2.6451923931372148E-003  -5.2148275980141729E-003  -2.1864052968598589E-004   5.2615344159959348E-003  -2.4608607710700577E-003   1.5136749497902196E-003
  -1.6999360692227933E-003   2.5903633659592642E-003  -5.1072622812717190E-003  -2.1356988924316886E-004   5.1528852645941793E-003  -2.4103055502430163E-003   1.4827061955672762E-003
  -1.6646541225557900E-003   2.5368095274026165E-003  -5.0021865371912616E-003  -2.0862957425428925E-004   5.0467535624516453E-003  -2.3609157004205461E-003   1.4524483843136521E-003
  -1.6301938086791343E-003   2.4844980073844220E-003  -4.8995365100672518E-003  -2.0381591082580024E-004   4.9430746623094646E-003  -2.3126614548682417E-003   1.4228834251318869E-003
  -1.5965339208793166E-003   2.4333968695259434E-003  -4.7992501392297255E-003  -1.9912533271101738E-004   4.8417857470569609E-003  -2.2655138726622864E-003   1.3939937413463346E-003
  -1.5636538562128909E-003   2.3834750765814438E-003  -4.7012671107784744E-003  -1.9455439113945304E-004   4.7428257561897454E-003  -2.2194448304057785E-003   1.3657622359180516E-003
  -1.5315335927462575E-003   2.3347024682748990E-003  -4.6055287919417997E-003  -1.9009973618215912E-004   4.6461353456845123E-003  -2.1744269836678123E-003   1.3381722908015125E-003
  -1.5001536749363628E-003   2.2870497248810586E-003  -4.5119781918665424E-003  -1.8575811996041522E-004   4.5516568314878719E-003  -2.1304337486861571E-003   1.3112077504672064E-003
  -1.4694951900611492E-003   2.2404883493145639E-003  -4.4205599107957020E-003  -1.8152640006764548E-004   4.4593341339731326E-003  -2.0874392804206519E-003   1.2848529013159756E-003
  -1.4395397553704334E-003   2.1949906464779397E-003  -4.3312200776724373E-003  -1.7740152173136996E-004   4.3691127333774340E-003  -2.0454184511826275E-003   1.2590924664206799E-003
  -1.4102695103653943E-003   2.1505296799088380E-003  -4.2439063241982095E-003  -1.7338052143932368E-004   4.2809396307276109E-003  -2.0043468220819851E-003   1.2339115893650796E-003
  -1.3816670785002990E-003   2.1070792711190486E-003  -4.1585677308900136E-003  -1.6946053707045839E-004   4.1947632818674675E-003  -1.9642006337558036E-003   1.2092958155140922E-003
  -1.3537155766907051E-003   2.0646139687378381E-003  -4.0751547691992226E-003  -1.6563877600710974E-004   4.1105335764708715E-003  -1.9249567727859238E-003   1.1852310926251395E-003
  -1.3263985919636364E-003   2.0231090111232355E-003  -3.9936192912992724E-003  -1.6191254228026749E-004   4.0282017784099089E-003  -1.8865927627380009E-003   1.1617037476335298E-003
  -1.2997001521762922E-003   1.9825403373424050E-003  -3.9139144570943312E-003  -1.5827921676555775E-004   3.9477204894655688E-003  -1.8490867414568399E-003   1.1387004801730106E-003
  -1.2736047430015537E-003   1.9428845357259512E-003  -3.8359947108375482E-003  -1.5473625397976885E-004   3.8690436145124071E-003  -1.8124174406442298E-003   1.1162083544040767E-003
  -1.2480972666392245E-003   1.9041188377278803E-003  -3.7598157471648284E-003  -1.5128119095445306E-004   3.7921263142488850E-003  -1.7765641734768867E-003   1.0942147806413840E-003
  -1.2231630397307790E-003   1.8662211049499848E-003  -3.6853344600035805E-003  -1.4791163378594273E-004   3.7169249734706673E-003  -1.7415068133118583E-003   1.0727075108201102E-003
  -1.1987877879697092E-003   1.8291697963358404E-003  -3.6125089175011896E-003  -1.4462525878062137E-004   3.6433971658068717E-003  -1.7072257759342866E-003   1.0516746277667605E-003
  -1.1749576212839699E-003   1.7929439593572325E-003  -3.5412983270864127E-003  -1.4141981622966678E-004   3.5715016109310149E-003  -1.6737020092692152E-003   1.0311045345333194E-003
  -1.1516590295382776E-003   1.7575232145559088E-003  -3.4716629918417233E-003  -1.3829311664586213E-004   3.5011981504658096E-003  -1.6409169708523626E-003   1.0109859457365861E-003
  -1.1288788739931012E-003   1.7228877269214972E-003  -3.4035642919309208E-003  -1.3524303952853250E-004   3.4324477046272792E-003  -1.6088526213681015E-003   9.9130787455758919E-004
  -1.1066043652963652E-003   1.6890182037836762E-003  -3.3369646424635927E-003  -1.3226752051260119E-004   3.3652122542512405E-003  -1.5774913977218000E-003   9.7205963325131830E-004
  -1.0848230655045121E-003   1.6558958689393867E-003  -3.2718274727390009E-003  -1.2936456473511073E-004   3.2994547925338973E-003  -1.5468162140264974E-003   9.5323081492309494E-004
  -1.0635228693962565E-003   1.6235024563584603E-003  -3.2081171827731758E-003  -1.2653222660443999E-004   3.2351393119443806E-003  -1.5168104347131198E-003   9.3481128731763075E-004
  -1.0426920022521726E-003   1.5918201825553644E-003  -3.1457991309292981E-003  -1.2376862334396123E-004   3.1722307622569922E-003  -1.4874578685608805E-003   9.1679119321596691E-004
  -1.0223189992856314E-003   1.5608317460923265E-003  -3.0848395940718774E-003  -1.2107192220388993E-004   3.1106950326556938E-003  -1.4587427549368137E-003   8.9916092857441547E-004
  -1.0023927074506883E-003   1.5305203045681527E-003  -3.0252057491603462E-003  -1.1844035015187299E-004   3.0504989149137351E-003  -1.4306497489367746E-003   8.8191114802692880E-004
  -9.8290227037809005E-004   1.5008694671283561E-003  -2.9668656357779224E-003  -1.1587217587896451E-004   2.9916100870732774E-003  -1.4031639115330526E-003   8.6503274955532043E-004
  -9.6383712307467019E-004   1.4718632705951163E-003  -2.9097881510521586E-003  -1.1336572792569849E-004   2.9339970783912035E-003  -1.3762706985776542E-003   8.4851687096509432E-004
  -9.4518697464913927E-004   1.4434861880246483E-003  -2.8539429999706583E-003  -1.1091937423060148E-004   2.8776292542642135E-003  -1.3499559467343106E-003   8.3235488045732314E-004
  -9.2694181955920807E-004   1.4157230891195529E-003  -2.7993006961289108E-003  -1.0853153723102877E-004   2.8224767836542864E-003  -1.3242058636746927E-003   8.1653837466773131E-004
  -9.0909190396165878E-004   1.3885592545314798E-003  -2.7458325182297097E-003  -1.0620067929738408E-004   2.7685106208593766E-003  -1.2990070191346620E-003   8.0105916723768574E-004
  -8.9162774270396265E-004   1.3619803429862536E-003  -2.6935105033513624E-003  -1.0392530916581107E-004   2.7157024807987350E-003  -1.2743463340721725E-003   7.8590928494848571E-004
  -8.7454009217618773E-004   1.3359723954061706E-003  -2.6423074163127057E-003  -1.0170397493151857E-004   2.6640248218938846E-003  -1.2502110680751757E-003   7.7108096129721484E-004
  -8.5781995689559684E-004   1.3105218150812731E-003  -2.5921967364587436E-003  -9.9535271363472764E-005   2.6134508177353038E-003  -1.2265888127280208E-003   7.5656663159617897E-004
  -8.4145857384418713E-004   1.2856153652998992E-003  -2.5431526264973426E-003  -9.7417828563820940E-005   2.5639543421853051E-003  -1.2034674810423311E-003   7.4235892468592585E-004
  -8.2544741398211344E-004   1.2612401479034825E-003  -2.4951499246968997E-003  -9.5350317379089860E-005   2.5155099469140016E-003  -1.1808352986473647E-003   7.2845066276566424E-004
  -8.0977816497016691E-004   1.2373836048802547E-003  -2.4481641183653501E-003  -9.3331444710200080E-005   2.4680928450019537E-003  -1.1586807948899503E-003   7.1483484623583425E-004
  -7.9444273502048124E-004   1.2140335019006577E-003  -2.4021713302047258E-003  -9.1359957051296100E-005   2.4216788869382720E-003  -1.1369927933438430E-003   7.0150466355335878E-004
  -7.7943324072127457E-004   1.1911779234313638E-003  -2.3571482938418539E-003  -8.9434630209537819E-005   2.3762445507882666E-003  -1.1157604064655408E-003   6.8845346995774872E-004
  -7.6474200473752646E-004   1.1688052570610731E-003  -2.3130723486178536E-003  -8.7554283153211756E-005   2.3317669144871326E-003  -1.0949730248117526E-003   6.7567479174758624E-004
  -7.5036154411866262E-004   1.1469041975749772E-003  -2.2699214037828325E-003  -8.5717756515570843E-005   2.2882236509180025E-003  -1.0746203077864991E-003   6.6316232519691043E-004
  -7.3628457649327209E-004   1.1254637183190628E-003  -2.2276739486311870E-003  -8.3923935209313192E-005   2.2455929991406233E-003  -1.0546921823524030E-003   6.5090991960930903E-004
  -7.2250399514281710E-004   1.1044730909724402E-003  -2.1863090066725384E-003  -8.2171727571030899E-005   2.2038537561075151E-003  -1.0351788292179219E-003   6.3891158449803323E-004
  -7.0901289111628240E-004   1.0839218463010809E-003  -2.1458061439178638E-003  -8.0460071426721253E-005   2.1629852622052138E-003  -1.0160706783192875E-003   6.2716148005676495E-004
  -6.9580451786622186E-004   1.0637997898904426E-003  -2.1061454485985500E-003  -7.8787941296659572E-005   2.1229673788074957E-003  -9.9735840320808026E-004   6.1565391214747872E-004
  -6.8287230752827482E-004   1.0440969912421361E-003  -2.0673075036202683E-003  -7.7154332251856250E-005   2.0837804816990612E-003  -9.7903291150905239E-004   6.0438333241225387E-004
  -6.7020986500305145E-004   1.0248037606501057E-003  -2.0292733926991443E-003  -7.5558271537695605E-005   2.0454054424664889E-003  -9.6108534056958987E-004   5.9334433060165412E-004
  -6.5781094617356874E-004   1.0059106643079850E-003  -1.9920246720922219E-003  -7.3998812797465230E-005   2.0078236144603235E-003  -9.4350705205720404E-004   5.8253163122209386E-004
  -6.4566947511843654E-004   9.8740850239446322E-004  -1.9555433621292412E-003  -7.2475032583836318E-005   1.9710168244779056E-003  -9.2628962181072277E-004   5.7194009203670026E-004
  -6.3377952605059718E-004   9.6928830613259844E-004  -1.9198119388269576E-003  -7.0986037264422303E-005   1.9349673531127416E-003  -9.0942483788414882E-004   5.6156469901020775E-004
  -6.2213532115979126E-004   9.5154133684939460E-004  -1.8848133126278929E-003  -6.9530954595670028E-005   1.8996579262049377E-003  -8.9290469464108155E-004   5.5140056099649249E-004
  -6.1073123264973627E-004   9.3415907092009017E-004  -1.8505308240173285E-003  -6.8108936051756118E-005   1.8650717041260147E-003  -8.7672138277777542E-004   5.4144291077852730E-004
  -5.9956177001614121E-004   9.1713320036793176E-004  -1.8169482295693753E-003  -6.6719158705490681E-005   1.8311922644430002E-003  -8.6086729047615428E-004   5.3168709752658390E-004
  -5.8862158253522264E-004   9.0045562566363341E-004  -1.7840496878633132E-003  -6.5360818919908757E-005   1.7980035969994545E-003  -8.4533499222608861E-004   5.2212858635431142E-004
  -5.7790545370001731E-004   8.8411844698554236E-004  -1.7518197533361089E-003  -6.4033137308347338E-005   1.7654900872078557E-003  -8.3011724785201865E-004   5.1276295345221924E-004
  -5.6740829577934463E-004   8.6811396325130934E-004  -1.7202433614842022E-003  -6.2735353230315388E-005   1.7336365094141237E-003  -8.1520699579272883E-004   5.0358588420062556E-004
  -5.5712514908623858E-004   8.5243466323803513E-004  -1.6893058221605860E-003  -6.1466728121972367E-005   1.7024280152481233E-003  -8.0059734719028467E-004   4.9459317065872477E-004
  -5.4705117642816971E-004   8.3707322340610560E-004  -1.6589928062782076E-003  -6.0226544011280870E-005   1.6718501206368730E-003  -7.8628158488520863E-004   4.8578070541516037E-004
  -5.3718166189735286E-004   8.2202249985755471E-004  -1.6292903366501286E-003  -5.9014099466003170E-005   1.6418887015045821E-003  -7.7225315348980993E-004   4.7714448533671709E-004
  -5.2751200483967104E-004   8.0727552450507174E-004  -1.6001847820514416E-003  -5.7828714982894310E-005   1.6125299783320813E-003  -7.5850566090477321E-004   4.6868060150804446E-004
  -5.1803771825315102E-004   7.9282550280560069E-004  -1.5716628424611260E-003  -5.6669727146866254E-005   1.5837605109203579E-003  -7.4503286932917404E-004   4.6038524153778999E-004
  -5.0875442715975292E-004   7.7866580472593205E-004  -1.5437115445440966E-003  -5.5536490291029799E-005   1.5555671879789097E-003  -7.3182869341291803E-004   4.5225468665682181E-004
  -4.9965786230340525E-004   7.6478996373516989E-004  -1.5163182322294082E-003  -5.4428377106845406E-005   1.5279372179796112E-003  -7.1888719657209972E-004   4.4428530510878426E-004
  -4.9074385988638863E-004   7.5119167248646117E-004  -1.4894705557350096E-003  -5.3344775911062868E-005   1.5008581214978585E-003  -7.0620258494231947E-004   4.3647355647807206E-004
  -4.8200835923635358E-004   7.3786477536995896E-004  -1.4631564664641318E-003  -5.2285091297770788E-005   1.4743177232140821E-003  -6.9376920518676895E-004   4.2881598382166355E-004
  -4.7344739654319015E-004   7.2480326789242991E-004  -1.4373642080778425E-003  -5.1248745880269632E-005   1.4483041401601178E-003  -6.8158154213704295E-004   4.2130921275612492E-004
  -4.6505710627268347E-004   7.1200129184513180E-004  -1.4120823053389115E-003  -5.0235171995952599E-005   1.4228057817630862E-003  -6.6963421071453643E-004   4.1394995194100035E-004
  -4.5683371697984059E-004   6.9945312735784611E-004  -1.3872995666870044E-003  -4.9243823644024514E-005   1.3978113331623817E-003  -6.5792195752563778E-004   4.0673498751882329E-004
  -4.4877354532297598E-004   6.8715319984171460E-004  -1.3630050624650967E-003  -4.8274164502619567E-005   1.3733097539373844E-003  -6.4643965476513226E-004   3.9966118262526012E-004
  -4.4087300377462627E-004   6.7509606179814411E-004  -1.3391881301562400E-003  -4.7325673298638080E-005   1.3492902697265195E-003  -6.3518229687926594E-004   3.9272547548292215E-004
  -4.3312858454534021E-004   6.6327640106314436E-004  -1.3158383625202340E-003  -4.6397843714850802E-005   1.3257423637203739E-003  -6.2414499822993977E-004   3.8592487738105664E-004
  -4.2553686815549781E-004   6.5168903290880979E-004  -1.2929455993927429E-003  -4.5490181560838405E-005   1.3026557711677813E-003  -6.1332298976008815E-004   3.7925647002116182E-004
  -4.1809451731469172E-004   6.4032889509831373E-004  -1.2704999242360323E-003  -4.4602205481896741E-005   1.2800204725880199E-003  -6.0271161570547372E-004   3.7271740462950260E-004
  -4.1079827319223032E-004   6.2919104736082205E-004  -1.2484916570162034E-003  -4.3733446681871371E-005   1.2578266877364967E-003  -5.9230633069245683E-004   3.6630489979623429E-004
  -4.0364495573609670E-004   6.1827066780377569E-004  -1.2269113474996074E-003  -4.2883449284750736E-005   1.2360648684073365E-003  -5.8210269678986098E-004   3.6001624067628137E-004
  -3.9663146125148096E-004   6.0756304900311340E-004  -1.2057497687066238E-003  -4.2051768318089571E-005   1.2147256926994332E-003  -5.7209638239031236E-004   3.5384877391625002E-004
  -3.8975475994194170E-004   5.9706359464984315E-004  -1.1849979129764799E-003  -4.1237969833332280E-005   1.1938000610572533E-003  -5.6228315596038849E-004   3.4779991149128933E-004
  -3.8301189318931287E-004   5.8676781823725820E-004  -1.1646469857345696E-003  -4.0441632461605902E-005   1.1732790878722955E-003  -5.5265888707054368E-004   3.4186712358327993E-004
  -3.7639997340858819E-004   5.7667133969269515E-004  -1.1446883986142664E-003  -3.9662345618096392E-005   1.1531540967152304E-003  -5.4321954118637680E-004   3.3604794106390651E-004
  -3.6991618161364066E-004   5.6676988184987032E-004  -1.1251137643443745E-003  -3.8899707163762296E-005   1.1334166159547607E-003  -5.3396117954186814E-004   3.3033995228638990E-004
  -3.6355776524894622E-004   5.5705926679740746E-004  -1.1059148956074085E-003  -3.8153327427423809E-005   1.1140583735805697E-003  -5.2487995408918593E-004   3.2474080164331462E-004
  -3.5732203493126971E-004   5.4753541850330453E-004  -1.0870837935511061E-003  -3.7422826656534216E-005   1.0950712891169478E-003  -5.1597210842825613E-004   3.1924818728352078E-004
  -3.5120636818696601E-004   5.3819435305968270E-004  -1.0686126468820423E-003  -3.6707832079310265E-005   1.0764474744564074E-003  -5.0723397123288258E-004   3.1385986295231919E-004
  -3.4520820079478505E-004   5.2903218068715081E-004  -1.0504938289343673E-003  -3.6007984592953950E-005   1.0581792224749302E-003  -4.9866195843155717E-004   3.0857363213838745E-004
  -3.3932502957354112E-004   5.2004510465169173E-004  -1.0327198862893963E-003  -3.5322931112187012E-005   1.0402590066664647E-003  -4.9025256826336415E-004   3.0338735140607450E-004
  -3.3355441158883280E-004   5.1122941306001163E-004  -1.0152835412441069E-003  -3.4652327749271909E-005   1.0226794762993995E-003  -4.8200238023489591E-004   2.9829892432554656E-004
  -3.2789395792525431E-004   5.0258148249060117E-004  -9.9817768514530014E-004  -3.3995841490709737E-005   1.0054334491825636E-003  -4.7390805299416878E-004   2.9330630463503444E-004
  -3.2234133686333223E-004   4.9409777442923828E-004  -9.8139537068069505E-004  -3.3353144258748655E-005   9.8851391215177740E-004  -4.6596632152144277E-004   2.8840749282069676E-004
  -3.1689427191859763E-004   4.8577482909535635E-004  -9.6492981515879333E-004  -3.2723921131818362E-005   9.7191401089073151E-004  -4.5817399766414155E-004   2.8360053539526817E-004
  -3.1155053609391802E-004   4.7760927110694184E-004  -9.4877438584024506E-004  -3.2107860411823938E-005   9.5562705247547125E-004  -4.5052796545185094E-004   2.7888352419908177E-004
  -3.0630795812064285E-004   4.6959779662052934E-004  -9.3292260787765824E-004  -3.1504662613962338E-005   9.3964649619795819E-004  -4.4302518270061613E-004   2.7425459591774905E-004
  -3.0116441087076100E-004   4.6173718302324146E-004  -9.1736814987342194E-004  -3.0914034102243398E-005   9.2396595538503672E-004  -4.3566267682188566E-004   2.6971193238671222E-004
  -2.9611782044346006E-004   4.5402427661193857E-004  -9.0210482645567498E-004  -3.0335693568789308E-005   9.0857918916254963E-004  -4.2843754808372087E-004   2.6525376167338985E-004
  -2.9116615567958927E-004   4.4645599642136502E-004  -8.8712658761208889E-004  -2.9769366768588857E-005   8.9348010671347474E-004  -4.2134696864981348E-004   2.6087835910933236E-004
  -2.8630743131046089E-004   4.3902932504869473E-004  -8.7242751967859947E-004  -2.9214796211811121E-005   8.7866276386660224E-004  -4.1438818657235594E-004   2.5658405642081552E-004
  -2.8153969919351106E-004   4.3174131020030216E-004  -8.5800183060555282E-004  -2.8671741769698193E-005   8.6412136947739305E-004  -4.0755853461117074E-004   2.5236925079920666E-004
  -2.7686104858930607E-004   4.2458905010669598E-004  -8.4384384378283857E-004  -2.8139994883991504E-005   8.4985029381464002E-004  -4.0085544699302331E-004   2.4823243079631673E-004
  -2.7226959045646248E-004   4.1756968579446371E-004  -8.2994797544714953E-004  -2.7619393765555011E-005   8.3584409414382400E-004  -3.9427649206620467E-004   2.4417221879152599E-004
  -2.6776344518287897E-004   4.1068037364554193E-004  -8.1630870914579468E-004  -2.7109864948119984E-005   8.2209755701349385E-004  -3.8781943526609977E-004   2.4018745466253001E-004
  -2.6334070725636327E-004   4.0391825065924723E-004  -8.0292053488410320E-004  -2.6611486308842300E-005   8.0860578803650823E-004  -3.8148235427179283E-004   2.3627735105831348E-004
  -2.5899939528465065E-004   3.9728035381259008E-004  -7.8977785634108146E-004  -2.6124617862345674E-005   7.9536437171273645E-004  -3.7526385857310896E-004   2.3244177939963029E-004
  -2.5473734289531609E-004   3.9076349023248181E-004  -7.7687480515353899E-004  -2.5650131082343659E-005   7.8236967947256544E-004  -3.6916349316984133E-004   2.2868180608488038E-004
  -2.5055201466528713E-004   3.8436398132812887E-004  -7.6420491399421310E-004  -2.5189844966352918E-005   7.6961943818627495E-004  -3.6318249132564519E-004   2.2500068368764482E-004
  -2.4644015096107915E-004   3.7807720408533413E-004  -7.5176050241236244E-004  -2.4747330435580874E-005   7.5711378619259335E-004  -3.5732517140721955E-004   2.2140569048645779E-004
  -2.4239712313653826E-004   3.7189673283487235E-004  -7.3953154358693651E-004  -2.4329397187172285E-005   7.4485723807749102E-004  -3.5160152622551314E-004   2.1791154514483931E-004
  -2.3841573240537754E-004   3.6581275196907189E-004  -7.2750357388639197E-004  -2.3948857681726806E-005   7.3286232442466512E-004  -3.4603202674781660E-004   2.1454673947580996E-004
  -2.3448398698822667E-004   3.5980912577798237E-004  -7.1565381295937236E-004  -2.3629641676867877E-005   7.2115634111804389E-004  -3.4065653491209319E-004   2.1136529739905374E-004
  -2.3058099915625828E-004   3.5385796691766953E-004  -7.0394399070151427E-004  -2.3416269326532268E-005   7.0979386945981297E-004  -3.3555084776816025E-004   2.0846863954121248E-004
  -2.2666939517074309E-004   3.4790960465603572E-004  -6.9230708228684246E-004  -2.3391401436505460E-005   6.9887999810243253E-004  -3.3085746526017587E-004   2.0604636600637228E-004
  -2.2268132917987904E-004   3.4187407682181658E-004  -6.8062279225661738E-004  -2.3708328040149238E-005   6.8861346248764294E-004  -3.2684298414345942E-004   2.0445291277161270E-004
  -2.1849279467808558E-004   3.3558707245916723E-004  -6.6867234913377748E-004  -2.4651123849886914E-005   6.7936695591435954E-004  -3.2400596894415249E-004   2.0435554725424456E-004
  -2.1387673826888477E-004   3.2874760898835215E-004  -6.5605539135244026E-004  -2.6745992265888768E-005   6.7183748449925712E-004  -3.2328466803931686E-004   2.0705109792047179E-004
  -2.0841851731197907E-004   3.2080504497569061E-004  -6.4203807341171903E-004  -3.0967482159091072E-005   6.6733326024867850E-004  -3.2649555654832679E-004   2.1536279720457051E-004
  -2.0136686873387737E-004   3.1075797143144938E-004  -6.2527843044791055E-004  -3.9123579990622212E-005   6.6836535250305959E-004  -3.3753149080086161E-004   2.3719442179160038E-004
  -1.9138313206474395E-004   2.9680918599856441E-004  -6.0333748326944325E-004  -5.4615048174529922E-005   6.8018963774252046E-004  -3.6693096655384901E-004   2.9772462742303158E-004
  -1.7616205310101910E-004   2.7581802094498294E-004  -5.7180553342044897E-004  -8.4267846692633741E-005   7.1639759144674869E-004  -4.4744218625671984E-004   5.3395625903036870E-004
  -1.5201743446778088E-004   2.4256748540335126E-004  -5.2252697446211304E-004  -1.4444917473125751E-004   8.1725032033458551E-004  -7.5139735592442448E-004
  -1.1405395420705667E-004   1.8914675977824776E-004  -4.3877059474911237E-004  -2.7880063048633854E-004   1.1805660350568238E-003
  -5.9296134033098228E-005   1.0590143499666578E-004  -2.8754743099009553E-004  -6.6891116658249553E-004
