   1.7824920379203350E+017  -37591612526780536.       -42982371403892544.        1496498237859726.2     
  -37591612526780456.        72899905437907664.       -1180354552040762.5       -12879091452855086.        1041639703933211.4     
  -42982371403892552.       -1180354552040741.0        21948844199663420.       -1057918143697321.6       -3858912667733229.5        311935599797205.75     
   1496498237859699.8       -12879091452855134.       -1057918143697303.1        6995466441129082.0       -439173713371778.88       -1373169055894148.2        121532047827790.16     
   1041639703933197.5       -3858912667733231.5       -439173713371780.06        2535433347595996.0       -186461693066420.28       -549069794652926.12        52885171596197.258     
   311935599797198.12       -1373169055894144.2       -186461693066422.50        1023908441612951.5       -84183847327134.469       -240722847198864.91        24864840354858.250     
   121532047827793.44       -549069794652921.94       -84183847327135.938        451969296413998.00       -40425674882100.445       -113797083955135.77        12440789112965.537     
   52885171596197.930       -240722847198865.44       -40425674882099.969        214785707659684.91       -20527311796801.164       -57288585387958.195        6559783200306.2422     
   24864840354858.367       -113797083955135.89       -20527311796800.703        108595132980513.11       -10950055905674.895       -30420263202342.305        3618797496006.5015     
   12440789112965.178       -57288585387958.094       -10950055905674.598        57873685820900.992       -6099728930078.8691       -16909422759529.090        2076711619844.3135     
   6559783200305.9551       -30420263202342.348       -6099728930078.6445        32269922747843.148       -3529877897044.9863       -9779691056526.7871        1233899873373.0432     
   3618797496006.5615       -16909422759529.105       -3529877897044.9678        18713836079966.434       -2112720869991.7410       -5855977386106.0879        756081260991.34631     
   2076711619844.2585       -9779691056526.7441       -2112720869991.7122        11231907953785.012       -1302947167455.0352       -3615548303292.8301        476211665379.17609     
   1233899873373.0847       -5855977386106.1416       -1302947167455.0291        6948902102432.8740       -825328281273.73389       -2293852870262.5288        307429737091.69794     
   756081260991.34216       -3615548303292.8101       -825328281273.73767        4416578589435.3467       -535497083416.75073       -1491153770659.4521        202932351159.90582     
   476211665379.18433       -2293852870262.5420       -535497083416.74890        2875593965536.4297       -355058820039.71118       -990787658711.29932        136680053896.74933     
   307429737091.70593       -1491153770659.4556       -355058820039.70801        1913331004411.0369       -240091672036.37506       -671471542070.77271        93759609274.735428     
   202932351159.90002       -990787658711.29810       -240091672036.36905        1298292089745.1125       -165281198605.95648       -463314125162.95105        65402099634.469055     
   136680053896.74529       -671471542070.77283       -165281198605.95346        896800843182.59668       -115656952344.51736       -324967101144.75848        46326096282.930122     
   93759609274.733139       -463314125162.95221       -115656952344.51668        629627899258.87134       -82155280573.534775       -231376956695.15692        33279918015.324806     
   65402099634.467140       -324967101144.75793       -82155280573.535431        448687560674.36877       -59169365858.957443       -167028584366.49994        24220702420.070805     
   46326096282.927818       -231376956695.15536       -59169365858.957497        324156802839.81525       -43161529936.653015       -122119702154.11551        17840903695.533073     
   33279918015.324955       -167028584366.49866       -43161529936.652702        237168217368.45804       -31858562565.149284       -90342318179.047791        13289091304.283865     
   24220702420.070248       -122119702154.11548       -31858562565.148361        175565271596.19360       -23774921525.654007       -67567557338.461800        10001926827.524349     
   17840903695.533176       -90342318179.047913       -23774921525.653896        131382057599.23637       -17924502019.351391       -51050040472.528824        7601118079.9840326     
   13289091304.283564       -67567557338.461807       -17924502019.351421        99316480056.410126       -13643136614.794235       -38937453417.926338        5829102622.6604490     
   10001926827.524500       -51050040472.528687       -13643136614.794359        75787880548.712967       -10477385081.613468       -29962929628.351627        4508241935.9831886     
   7601118079.9841976       -38937453417.926834       -10477385081.613134        58345234505.582260       -8113728426.2404413       -23248949288.093754        3514533264.2623210     
   5829102622.6606264       -29962929628.351448       -8113728426.2404222        45289471397.037415       -6332805945.7628946       -18180424914.545620        2760430207.9292512     
   4508241935.9827871       -23248949288.093929       -6332805945.7628736        35428796779.127457       -4979419339.9962597       -14321394993.232374        2183464334.2516818     
   3514533264.2624621       -18180424914.545582       -4979419339.9963064        27917936186.280788       -3942610620.9446535       -11359613095.510475        1738613438.5259893     
   2760430207.9292417       -14321394993.232445       -3942610620.9446507        22151116745.648159       -3142265674.8549442       -9069230567.7826500        1393121718.5415845     
   2183464334.2515907       -11359613095.510336       -3142265674.8549237        17689936582.227890       -2520000197.9529905       -7285369000.4852962        1122944591.9587197     
   1738613438.5260327       -9069230567.7826843       -2520000197.9530315        14214179702.159975       -2032890471.7909117       -5886602219.6505985        910282708.67869329     
   1393121718.5415664       -7285369000.4852295       -2032890471.7909050        11487907316.436552       -1649115917.7733436       -4782761239.1907291        741854302.04826641     
   1122944591.9587443       -5886602219.6506519       -1649115917.7732904        9335837530.3660259       -1344900490.0443890       -3906360813.6045189        607673312.41138291     
   910282708.67869139       -4782761239.1907101       -1344900490.0443754        7626729825.8415079       -1102345646.3119173       -3206515651.2542424        500177437.10726368     
   741854302.04822135       -3906360813.6045299       -1102345646.3118887        6261588075.2618742       -907881361.17962277       -2644584995.0578861        413600569.45968115     
   607673312.41138899       -3206515651.2542334       -907881361.17962182        5165210673.5475454       -751149562.12137592       -2191028270.0797815        343517457.53912234     
   500177437.10724872       -2644584995.0578890       -751149562.12136889        4280087321.6385584       -624192810.56907618       -1823116864.1732924        286510763.14086491     
   413600569.45968664       -2191028270.0797896       -624192810.56907654        3561955576.8629451       -520860269.14820313       -1523256231.8970850        239925822.38242528     
   343517457.53912163       -1823116864.1733036       -520860269.14820683        2976541216.8857598       -436369592.68564421       -1277746591.7364414        201688735.49731967     
   286510763.14086598       -1523256231.8970766       -436369592.68564010        2497149707.9316969       -366981565.12985498       -1075861221.1002400        170170524.13978848     
   239925822.38242441       -1277746591.7364480       -366981565.12984717        2102874249.6435921       -309756860.73261940       -909156416.12652016        144085037.93197241     
   201688735.49731469       -1075861221.1002352       -309756860.73262030        1777253750.6043687       -262373044.73783553       -770951615.41755152        122411753.94547771     
   170170524.13978592       -909156416.12652218       -262373044.73783430        1507261419.8897936       -222986055.94325128       -655935351.58106029        104337055.13200253     
   144085037.93197596       -770951615.41755342       -222986055.94325289        1282537915.8432875       -190124747.22252607       -559864839.77264559        89209312.619686231     
   122411753.94547343       -655935351.58105707       -190124747.22252482        1094806553.2507234       -162610145.07458130       -479335677.74183685        76504340.195348039     
   104337055.13200070       -559864839.77264762       -162610145.07457957        937424868.03559530       -139493302.27832881       -411604349.83351827        65798687.969437517     
   89209312.619685605       -479335677.74183530       -139493302.27832913        805038912.61385643       -120007214.99956967       -354450725.89993978        56748892.762275152     
   76504340.195348218       -411604349.83351856       -120007214.99957001        693315382.79159391       -103529436.79304655       -306071017.28719878        49075279.017901756     
   65798687.969437592       -354450725.89994019       -103529436.79304625        598733030.89372206       -89552871.175445274       -264994047.56813031        42549253.810133927     
   56748892.762275122       -306071017.28719825       -89552871.175446466        518419475.41608459       -77662848.494341850       -230015460.88116544        36983297.572012901     
   49075279.017901443       -264994047.56812996       -77662848.494341761        450022944.07507372       -67519055.480614528       -200145797.08586672        32223044.871080633     
   42549253.810133860       -230015460.88116759       -67519055.480614513        391611029.93506175       -58841229.178763784       -174569337.14748383        28140992.603439439     
   36983297.572012849       -200145797.08586696       -58841229.178764910        341590432.26891243       -51397784.534972489       -152611351.13770893        24631481.330096927     
   32223044.871080518       -174569337.14748368       -51397784.534972899        298643072.75092721       -44996738.021760873       -133711930.24696496        21606676.442013726     
   28140992.603439894       -152611351.13770992       -44996738.021760859        261675045.33293182       -39478435.882548749       -117404999.26915535        18993338.105977535     
   24631481.330097076       -133711930.24696474       -39478435.882549584        229775665.97176668       -34709706.682805181       -103301422.00650699        16730215.729313709     
   21606676.442013916       -117404999.26915544       -34709706.682805762        202184503.20143482       -30579142.068725172       -91075352.735379860        14765938.770281991     
   18993338.105978202       -103301422.00650711       -30579142.068725482        178264739.39509618       -26993275.051652066       -80453171.954205438        13057303.694241380     
   16730215.729313891       -91075352.735379502       -26993275.051652189        157481573.06511256       -23873474.566871837       -71204487.178566933        11567878.018174006     
   14765938.770282006       -80453171.954205289       -23873474.566871274        139384649.73647264       -21153413.884994116       -63134789.599162869        10266859.143477896     
   13057303.694241783       -71204487.178567186       -21153413.884994213        123593723.67269857       -18777000.259213373       -56079443.070551515        9128138.6316014417     
   11567878.018173493       -63134789.599162571       -18777000.259213954        109786919.80212748       -16696676.709866907       -49898748.826063052        8129532.6305718934     
   10266859.143477898       -56079443.070551559       -16696676.709867392        97691094.970474347       -14872024.755767660       -44473881.337499127        7252147.1037952043     
   9128138.6316017620       -49898748.826062694       -14872024.755767746        87073899.809001416       -13268611.589434076       -39703532.055323027        6479852.7896929309     
   8129532.6305719763       -44473881.337499350       -13268611.589434134        77737222.440182045       -11857036.153231686       -35501129.937781326        5798849.7117371820     
   7252147.1037948458       -39703532.055322535       -11857036.153231747        69511758.433318391       -10612137.747783724       -31792533.479585826        5197305.0592159182     
   6479852.7896931507       -35501129.937781312       -10612137.747783698        62252501.436067022       -9512337.6830282081       -28514109.223733980        4665051.2354893014     
   5798849.7117373003       -31792533.479585879       -9512337.6830281299        55834988.524931878       -8539090.2130955271       -25611127.919497270        4193333.4808829403     
   5197305.0592160430       -28514109.223733909       -8539090.2130956724        50152166.010320075       -7676423.4821774652       -23036422.517287366        3774598.4154339312     
   4665051.2354894243       -25611127.919497345       -7676423.4821774745        45111766.682974376       -6910554.7850104906       -20749262.545293432        3402316.4370672251     
   4193333.4808830651       -23036422.517287362       -6910554.7850105213        40634109.744900860       -6229567.3476132732       -18714407.748277567        3070832.2125520157     
   3774598.4154337952       -20749262.545293383       -6229567.3476131251        36650250.975986198       -5623138.1586601576       -16901310.620226003        2775238.5246429946     
   3402316.4370672414       -18714407.748277698       -5623138.1586600114        33100423.820390869       -5082308.2943238001       -15283442.909191864        2511269.6189023210     
   3070832.2125518988       -16901310.620225929       -5082308.2943237750        29932722.728244770       -4599288.6564059332       -13837725.597858571        2275210.8142053871     
   2775238.5246430133       -15283442.909191899       -4599288.6564059714        27101988.681996711       -4167295.3252836061       -12544045.418084867        2063821.7504868896     
   2511269.6189023373       -13837725.597858550       -4167295.3252836219        24568863.872339055       -3780409.7226953278       -11384843.935347944        1874271.0886414321     
   2275210.8142053839       -12544045.418084865       -3780409.7226952258        22298988.200634565       -3433459.6023102524       -10344767.602686513        1704080.8322620029     
   2063821.7504868715       -11384843.935347933       -3433459.6023101415        20262314.951942440       -3121917.5657131742       -9410369.1494622976        1551078.7689199888     
   1874271.0886413157       -10344767.602686450       -3121917.5657130172        18432526.821961995       -2841814.3564903773       -8569852.2883436270        1413357.7677018824     
   1704080.8322619777       -9410369.1494623106       -2841814.3564903266        16786536.629152015       -2589664.6471744291       -7812853.0499865748        1289240.8831456348     
   1551078.7689199534       -8569852.2883435898       -2589664.6471744608        15304059.642470900       -2362403.3915297762       -7130252.1478491910        1177251.3773015484     
   1413357.7677019008       -7812853.0499865916       -2362403.3915298241        13967246.562700460       -2157331.1466271216       -6514013.6799482610        1076086.9295472207     
   1289240.8831456550       -7130252.1478492050       -2157331.1466271388        12760368.017336356       -1972067.0186879055       -5957046.2332769362        984597.40315925586     
   1177251.3773015831       -6514013.6799482610       -1972067.0186879206        11669542.853930069       -1804508.0974152333       -5453083.0717510879        901765.65168708749     
   1076086.9295472514       -5957046.2332768785       -1804508.0974153101        10682503.756733099       -1652794.4289446247       -4996578.6176298326        826690.92143435765     
   984597.40315925935       -5453083.0717511233       -1652794.4289446380        9788394.7264470886       -1515278.7158217607       -4582618.8632426262        758574.46987785364     
   901765.65168714221       -4996578.6176297944       -1515278.7158217921        8977595.7993999310       -1390500.0713062391       -4206843.7130464902        696707.09501817951     
   826690.92143433308       -4582618.8632426728       -1390500.0713062314        8241571.1112052156       -1277161.2452022468       -3865379.5667344467        640458.29491457774     
   758574.46987786447       -4206843.7130464828       -1277161.2452022445        7572736.9844620796       -1174108.8337282448       -3554780.7001022515        589266.83824456169     
   696707.09501813608       -3865379.5667344155       -1174108.8337282294        6964347.2282116618       -1080316.0547853140       -3271978.2228332995        542632.54391595686     
   640458.29491457774       -3554780.7001022543       -1080316.0547852980        6410393.2565966584       -994867.73593082034       -3014235.5653650248        500109.10819995950     
   589266.83824457030       -3271978.2228332888       -994867.73593082803        5905516.9829057120       -916947.21116954810       -2779109.6068479586        461297.83547138964     
   542632.54391596094       -3014235.5653650244       -916947.21116953797        5444934.7484127423       -845824.86812986410       -2564416.6807607193        425842.15243608959     
   500109.10819996591       -2779109.6068479610       -845824.86812986468        5024370.7965297932       -780848.12426195317       -2368202.8067266415        393422.79990384186     
   461297.83547136886       -2564416.6807606956       -780848.12426195666        4639999.0105902338       -721432.63904635853       -2188717.5862237732        363753.61272588145     
   425842.15243609669       -2368202.8067266317       -721432.63904636796        4288391.8227481609       -667054.60453470598       -2024391.2811106790        336577.81365052424     
   393422.79990385118       -2188717.5862237676       -667054.60453469190        3966475.3549588798       -617243.96934235201       -1873814.6637920451        311664.75128579029     
   363753.61272588832       -2024391.2811106869       -617243.96934232814        3671489.9756392012       -571578.47649277782       -1735721.2778913160        288807.02716884878     
   336577.81365049409       -1873814.6637920518       -571578.47649275488        3400955.5802581678       -529678.41156349576       -1608971.8041865318        267817.96187606436     
   311664.75128578808       -1735721.2778913099       -529678.41156349820        3152640.9863412101       -491201.96930953430       -1492540.2638281872        248529.35749605429     
   288807.02716883743       -1608971.8041865362       -491201.96930953959        2924536.9277231684       -455841.16311435943       -1385501.8290352460        230789.51964931068     
   267817.96187607036       -1492540.2638281924       -455841.16311435984        2714832.1933681974       -423318.20762614365       -1287022.0415576729        214461.50673848810     
   248529.35749605289       -1385501.8290352440       -423318.20762613742        2521892.5207501044       -393382.31687979499       -1196347.2646502645        199421.57849608787     
   230789.51964930352       -1287022.0415576743       -393382.31687978929        2344241.9045552956       -365806.86681470828       -1112796.2184973694        185557.81978670700     
   214461.50673848909       -1196347.2646502631       -365806.86681470618        2180546.0248562582       -340386.87836458790       -1035752.4674257685        172768.91869730013     
   199421.57849608903       -1112796.2184973711       -340386.87836459116        2029597.5400927546       -316936.78200688201       -964657.74548479565        160963.08017439683     
   185557.81978670324       -1035752.4674257733       -316936.78200687654        1890303.0183716922       -295288.42968882690       -899006.01939068025        150057.05868871137     
   172768.91869730686       -964657.74548479728       -295288.42968883202        1761671.3136830886       -275289.32615758071       -838338.20216116926        139975.29720798868     
   160963.08017439223       -899006.01939067617       -275289.32615758688        1642803.2167379770       -256801.05297528554       -782237.44220511406        130649.15910824051     
   150057.05868871455       -838338.20216116821       -256801.05297528734        1532882.2298435483       -239697.86278358274       -730324.91964814777        122016.24232010500     
   139975.29720799488       -782237.44220511441       -239697.86278358742        1431166.3370034974       -223865.42466074359       -682256.09245009837        114019.76661782285     
   130649.15910823815       -730324.91964814498       -223865.42466074199        1336980.6529117676       -209199.70248202476       -637717.34040413692        106608.02566779802     
   122016.24232010424       -682256.09245009883       -209199.70248201926        1249710.8522849511       -195605.95235491000       -596422.96249004768        99733.896516155190     
   114019.76661782140       -637717.34040413611       -195605.95235490912        1168797.2896862761       -182997.82447639367       -558112.48736683012        93354.399932104046     
   106608.02566779728       -596422.96249004779       -182997.82447639108        1093729.7332228748       -171296.55813041725       -522548.26233332837        87430.305754450412     
   99733.896516154360       -558112.48736683384       -171296.55813041466        1024042.6427983033       -160430.26022472951       -489513.28965259792        81925.779462439925     
   93354.399932104454       -522548.26233332988       -160430.26022472794        959310.93404183071       -150333.25726926886       -458809.28397644451        76808.063793786016     
   87430.305754447429       -489513.28965259780       -150333.25726926723        899146.17326243548       -140945.51270821309       -430254.92562405975        72047.192640959867     
   81925.779462437757       -458809.28397644300       -140945.51270821123        843193.15682583733       -132212.10343995245       -403684.28920563165        67615.733811538506     
   76808.063793787529       -430254.92562405992       -132212.10343995175        791126.83439281571       -124082.74846366071       -378945.42897556431        63488.556992212500     
   72047.192640958005       -403684.28920562891       -124082.74846366125        742649.53796122514       -116511.38402089151       -355899.10362338321        59642.624591612039     
   67615.733811536513       -378945.42897556140       -116511.38402089023        697488.48458162497       -109455.78071702912       -334417.62629071274        56056.803167019847     
   63488.556992215781       -355899.10362338420       -109455.78071703018        655393.52421141276       -102877.19805713720       -314383.82653481868        52711.692955364866     
   59642.624591610758       -334417.62629071437       -102877.19805713587        616135.10656469234       -96740.072235833126       -295690.11244171101        49589.473865501328     
   56056.803167020931       -314383.82653482020       -96740.072235832660        579502.44423196744       -91011.734183249544       -278237.62268966297        46673.766232836213     
   52711.692955364408       -295690.11244171159       -91011.734183250592        545301.85225242632       -85662.154504122664       -261935.45952117653        43949.504781094598     
   49589.473865499851       -278237.62268966314       -85662.154504122504        513355.24536794925       -80663.712370683206       -246699.99398855859        41402.824297339619     
   46673.766232836249       -261935.45952117673       -80663.712370683759        483498.77739988908       -75990.986391256272       -232454.23642511034        39020.956153602732     
   43949.504781092175       -246699.99398855746       -75990.986391257553        455581.60836376896       -71620.564938917742       -219127.26561135531        36792.134358225201     
   41402.824297340492       -232454.23642511110       -71620.564938917989        429464.78611887724       -67530.874074403197       -206653.71063553123        34705.510352568941     
   39020.956153605679       -219127.26561135586       -67530.874074404055        405020.23184298584       -63702.021345593450       -194973.28052597708        32751.075434136765     
   36792.134358223419       -206653.71063553219       -63702.021345592118        382129.81827292527       -60115.653706156845       -184030.33653449619        30919.590358918591     
   34705.510352569327       -194973.28052597781       -60115.653706154742        360684.53213543101       -56754.828633327386       -173773.50329519322        29202.521270211906     
   32751.075434136274       -184030.33653449648       -56754.828633325909        340583.71251225728       -53603.896577600994       -164155.31491775898        27591.981351980623     
   30919.590358916819       -173773.50329519252       -53603.896577599226        321734.35749422252       -50648.394164817815       -155131.89270276282        26080.677678848642     
   29202.521270211721       -164155.31491776044       -50648.394164816818        304050.49288618588       -47874.946674548344       -146662.65138119785        24661.862726535866     
   27591.981351979950       -155131.89270276282       -47874.946674548402        287452.59685521288       -45271.179418854372       -138710.03132532610        23329.290274572104     
   26080.677678848911       -146662.65138119875       -45271.179418854568        271867.07527235016       -42825.636587414454       -131239.25414496506        22077.174954055747     
   24661.862726535870       -138710.03132532601       -42825.636587414905        257225.78292390631       -40527.707383846653       -124218.09950875127        20900.155427932092     
   23329.290274572191       -131239.25414496474       -40527.707383847279        243465.58632552755       -38367.558478507221       -117616.70123407754        19793.260757689033     
   22077.174954056180       -124218.09950875114       -38367.558478506820        230527.96440930167       -36336.072298800034       -111407.36096576761        18751.879538561181     
   20900.155427932797       -117616.70123407786       -36336.072298799510        218358.64326921705       -34424.790499151692       -105564.37755478913        17771.731726834001     
   19793.260757688357       -111407.36096576764       -34424.790499150862        206907.26211897167       -32625.862418109853       -100063.89105200388        16848.842898103921     
   18751.879538560785       -105564.37755478974       -32625.862418110191        196127.06761895429       -30931.997661177196       -94883.739749267799        15979.520503644737     
   17771.731726833950       -100063.89105200439       -30931.997661177076        185974.63369181234       -29336.422822438333       -90003.329127714911        15160.332262152466     
   16848.842898104012       -94883.739749267508       -29336.422822437926        176409.60494431711       -27832.841730947635       -85403.511763606264        14388.086251357419     
   15979.520503643409       -90003.329127715508       -27832.841730946686        167394.46132384377       -26415.399020214834       -81066.477108808773        13659.812682641936     
   15160.332262152733       -85403.511763605900       -26415.399020215034        158894.30215092935       -25078.646645076420       -76975.650309982026        12972.747118122959     
   14388.086251357139       -81066.477108808962       -25078.646645076464        150876.64792078643       -23817.513204442450       -73115.599246156227        12324.315092226236     
   13659.812682641927       -76975.650309981604       -23817.513204442756        143311.25821834113       -22627.275695869972       -69471.949159221796        11712.117972083559     
   12972.747118123007       -73115.599246156169       -22627.275695870165        136169.96438761055       -21503.533559270178       -66031.304098780063        11133.919901729665     
   12324.315092226287       -69471.949159221549       -21503.533559270338        129426.51563496425       -20442.184830485792       -62781.174632058348        10587.635855623164     
   11712.117972083788       -66031.304098780180       -20442.184830486218        123056.43747512724       -19439.404163974454       -59709.911370509559        10071.320605536801     
   11133.919901729683       -62781.174632058370       -19439.404163974330        117036.90142174011       -18491.622618807702       -56806.643709441181        9583.1585417667666     
   10587.635855623732       -59709.911370509610       -18491.622618807422        111346.60495682644       -17595.509008262885       -54061.223338104777        9121.4543153722007     
   10071.320605536732       -56806.643709441560       -17595.509008262721        105965.66091690700       -16747.952746512572       -51464.172239322230        8684.6242151716615     
   9583.1585417670576       -54061.223338104959       -16747.952746512819        100875.49555068891       -15946.047993651791       -49006.634670143772        8271.1881726464326     
   9121.4543153722334       -51464.172239322310       -15946.047993652166        96058.754437483454       -15187.079039312259       -46680.332845291101        7879.7624109406788     
   8684.6242151714923       -49006.634670144107       -15187.079039312379        91499.215688374505       -14468.506822528225       -44477.526040959361        7509.0526685236746     
   8271.1881726468182       -46680.332845291166       -14468.506822528881        87181.709807698033       -13787.956478784032       -42390.972811209416        7157.8479111128609     
   7879.7624109405942       -44477.526040959128       -13787.956478784719        83092.045657497991       -13143.205799752430       -40413.896067968002        6825.0145093492656     
   7509.0526685240893       -42390.972811209373       -13143.205799752688        79216.941988787323       -12532.174601630437       -38539.950755420126        6509.4908955981964     
   7157.8479111130027       -40413.896067968046       -12532.174601630421        75543.964208028949       -11952.914906104257       -36763.194012924891        6210.2825959543479     
   6825.0145093489728       -38539.950755420337       -11952.914906104259        72061.465832300804       -11403.601783657077       -35078.057516398992        5926.4576091944400     
   6509.4908955980291       -36763.194012924789       -11403.601783657232        68758.534289951422       -10882.524949907780       -33479.321852995068        5657.1421666590977     
   6210.2825959543743       -35078.057516399174       -10882.524949907811        65624.940776206626       -10388.080957002323       -31962.092830782960        5401.5167913144751     
   5926.4576091946519       -33479.321852995185       -10388.080957002456        62651.093781929005       -9918.7659402656827       -30521.779492422625        5158.8126211789795     
   5657.1421666589777       -31962.092830783051       -9918.7659402656172        59827.996010611998       -9473.1689154364649       -29154.073724612001        4928.3080274313998     
   5401.5167913146843       -30521.779492422673       -9473.1689154365049        57147.204453242150       -9049.9655560748888       -27854.931366476427        4709.3254708970344     
   5158.8126211790031       -29154.073724612113       -9049.9655560750289        54600.793341903431       -8647.9124214374569       -26620.554656044722        4501.2285634863447     
   4928.3080274312069       -27854.931366476249       -8647.9124214375370        52181.319774827003       -8265.8415941605072       -25447.375944848249        4303.4193784839499     
   4709.3254708970626       -26620.554656044922       -8265.8415941606581        49881.791807311492       -7902.6557099338552       -24332.042581023328        4115.3359148555401     
   4501.2285634863565       -25447.375944848354       -7902.6557099338734        47695.638796896368       -7557.3233233689598       -23271.402841755302        3936.4497559070983     
   4303.4193784841009       -24332.042581023463       -7557.3233233688752        45616.683874418661       -7228.8746218016895       -22262.492869012087        3766.2638954993836     
   4115.3359148555046       -23271.402841755378       -7228.8746218015694        43639.118330775687       -6916.3974244359215       -21302.524526967700        3604.3107132965824     
   3936.4497559071033       -22262.492869012036       -6916.3974244358915        41757.477813656966       -6619.0334661821244       -20388.874090409743        3450.1500814835222     
   3766.2638954993809       -21302.524526967736       -6619.0334661822262        39966.620172997900       -6335.9749438675190       -19519.071724745583        3303.3676235686671     
   3604.3107132964378       -20388.874090409583       -6335.9749438674962        38261.704852652787       -6066.4612927742046       -18690.791700417187        3163.5730659878918     
   3450.1500814838096       -19519.071724745678       -6066.4612927743501        36638.173687669230       -5809.7761906246433       -17901.843256394510        3030.3987278807822     
   3303.3676235686098       -18690.791700417096       -5809.7761906245205        35091.733036909121       -5565.2447674460682       -17150.162113681836        2903.4980965604577     
   3163.5730659879728       -17901.843256394630       -5565.2447674458263        33618.337118665018       -5332.2309972322810       -16433.802541898494        2782.5445021539476     
   3030.3987278807422       -17150.162113681821       -5332.2309972321445        32214.172483352635       -5110.1352757277427       -15750.929971368285        2667.2298910331383     
   2903.4980965603395       -16433.802541898538       -5110.1352757277937        30875.643538321627       -4898.3921562990245       -15099.814105682857        2557.2636714869532     
   2782.5445021538972       -15750.929971368267       -4898.3921562990945        29599.359038557854       -4696.4682393995918       -14478.822488056250        2452.3716386400342     
   2667.2298910331933       -15099.814105682777       -4696.4682393996500        28382.119484345418       -4503.8601967777186       -13886.414493692624        2352.2949706436702     
   2557.2636714870127       -14478.822488056310       -4503.8601967777213        27220.905351485711       -4320.0929364967033       -13321.135725821445        2256.7892960864938     
   2452.3716386399915       -13886.414493692555       -4320.0929364966896        26112.866106997677       -4144.7178831266128       -12781.612779144583        2165.6238162719101     
   2352.2949706437189       -13321.135725821558       -4144.7178831265519        25055.309945467750       -3977.3113678775958       -12266.548341954725        2078.5804829680028     
   2256.7892960864701       -12781.612779144587       -3977.3113678775439        24045.694189164613       -3817.4731298025495       -11774.716618807683        1995.4532404474223     
   2165.6238162718182       -12266.548341954685       -3817.4731298024603        23081.616326709645       -3664.8249158491685       -11304.959054553097        1916.0473065984843     
   2078.5804829679969       -11774.716618807684       -3664.8249158491362        22160.805624928886       -3519.0091595735148       -10856.180329535315        1840.1785018196349     
   1995.4532404474162       -11304.959054553077       -3519.0091595735653        21281.115280722013       -3379.6877597867574       -10427.344611132041        1767.6726250738052     
   1916.0473065984359       -10856.180329535247       -3379.6877597867801        20440.515081118963       -3246.5409266838310       -10017.472049403126        1698.3648662424835     
   1840.1785018196308       -10427.344611131975       -3246.5409266838515        19637.084530055865       -3119.2661067803620       -9625.6354910685041        1632.0992553312599     
   1767.6726250738520       -10017.472049403086       -3119.2661067803970        18869.006408515903       -2997.5769746863189       -9250.9574018818112        1568.7281501547927     
   1698.3648662424796       -9625.6354910685168       -2997.5769746863166        18134.560751596098       -2881.2024864814125       -8892.6069872108837        1508.1117506394130     
   1632.0992553313154       -9250.9574018818385       -2881.2024864814625        17432.119190556277       -2769.8859960701807       -8549.7974848120011        1450.1176496075345     
   1568.7281501547791       -8892.6069872108746       -2769.8859960702307        16760.139664516617       -2663.3844241989250       -8221.7836366800457        1394.6204064817894     
   1508.1117506394637       -8549.7974848119939       -2663.3844241989723        16117.161446902068       -2561.4674788740181       -7907.8593065441100        1341.5011488295438     
   1450.1176496075182       -8221.7836366800457       -2561.4674788739662        15501.800495297368       -2463.9169273436196       -7607.3552530093639        1290.6472003351896     
   1394.6204064818180       -7907.8593065441328       -2463.9169273435987        14912.745074150829       -2370.5259082636389       -7319.6370360050487        1241.9517304903823     
   1341.5011488294842       -7607.3552530093875       -2370.5259082635698        14348.751657281067       -2281.0982912052641       -7044.1030521282692        1195.3134247821934     
   1290.6472003351994       -7319.6370360050341       -2281.0982912052591        13808.641077963728       -2195.4480675879986       -6780.1826908198655        1150.6361731689367     
   1241.9517304903670       -7044.1030521282646       -2195.4480675880018        13291.294906959381       -2113.3987876909964       -6527.3345966407423        1107.8287834970859     
   1195.3134247821679       -6780.1826908198445       -2113.3987876910041        12795.652060263772       -2034.7830258550546       -6285.0450438885264        1066.8047056475436     
   1150.6361731689531       -6527.3345966407087       -2034.7830258550782        12320.705605438059       -1959.4418802288001       -6052.8264045116512        1027.4817774572148     
   1107.8287834971031       -6285.0450438885182       -1959.4418802288073        11865.499760354296       -1887.2244986755788       -5830.2157102046403        989.78197902733109     
   1066.8047056475621       -6052.8264045116484       -1887.2244986755611        11429.127069413496       -1817.9876388717862       -5616.7732925517957        953.63121001966556     
   1027.4817774572330       -5830.2157102046540       -1817.9876388717782        11010.725755811485       -1751.5952524598495       -5412.0815175900407        918.95907514659950     
   989.78197902733064       -5616.7732925517876       -1751.5952524598326        10609.477220163704       -1687.9180880330748       -5215.7435807629463        885.69867992341881     
   953.63121001964657       -5412.0815175900516       -1687.9180880330489        10224.603690871523       -1626.8333266860257       -5027.3823808886646        853.78644532660496     
   918.95907514662520       -5215.7435807629281       -1626.8333266860204        9855.3660158999755       -1568.2242319849863       -4846.6394569880676        823.16192731616286     
   885.69867992340357       -5027.3823808886600       -1568.2242319849936        9501.0615784958263       -1511.9798256488218       -4673.1739893281365        793.76764985134002     
   853.78644532660644       -4846.6394569880558       -1511.9798256488143        9161.0223360974906       -1457.9945742247694       -4506.6618535667894        765.54894532751666     
   823.16192731621823       -4673.1739893281328       -1457.9945742247951        8834.6129718415395       -1406.1681050642528       -4346.7947353070313        738.45380789543970     
   793.76764985133411       -4506.6618535668040       -1406.1681050642594        8521.2291559928781       -1356.4049265114304       -4193.2792912491186        712.43274956989308     
   765.54894532753121       -4346.7947353070422       -1356.4049265114104        8220.2959013412164       -1308.6141738446677       -4045.8363598634896        687.43867067824863     
   738.45380789544163       -4193.2792912491086       -1308.6141738446183        7931.2660177755988       -1262.7093649262877       -3904.2002164928617        663.42673320916242     
   712.43274956986772       -4045.8363598634960       -1262.7093649262558        7653.6186529772540       -1218.6081694030984       -3768.1178712719852        640.35424299941258     
   687.43867067822407       -3904.2002164928240       -1218.6081694030891        7386.8579134748406       -1176.2321938712971       -3637.3484063449869        618.18053848055285     
   663.42673320915276       -3768.1178712720016       -1176.2321938712744        7130.5115685574538       -1135.5067763312695       -3511.6623489679218        596.86688563325220     
   640.35424299942156       -3637.3484063449746       -1135.5067763312788        6884.1298206192105       -1096.3607936106207       -3390.8410826660356        576.37637917499012     
   618.18053848053967       -3511.6623489679082       -1096.3607936106209        6647.2841503157269       -1058.7264795543890       -3274.6762881933560        556.67384791880113     
   596.86688563324026       -3390.8410826660352       -1058.7264795543770        6419.5662222388492       -1022.5392522366022       -3162.9694173527259        537.72576664104724     
   576.37637917498557       -3274.6762881933655       -1022.5392522365821        6200.5868509654983       -987.73755095979755       -3055.5311941160107        519.50017256427077     
   556.67384791877225       -3162.9694173527182       -987.73755095978868        5989.9750271002804       -954.26268534654764       -2952.1811456479027        501.96658651302721     
   537.72576664103838       -3055.5311941160157       -954.26268534655878        5787.3769961993112       -922.05868632102704       -2852.7471566792565        485.09593674016764     
   519.50017256427566       -2952.1811456478872       -922.05868632103659        5592.4553827629097       -891.07217147916720       -2757.0650486550599        468.86049046805533     
   501.96658651303073       -2852.7471566792806       -891.07217147915355        5404.8883712574216       -861.25221526409098       -2664.9781836082770        453.23378515451975     
   485.09593674016952       -2757.0650486550567       -861.25221526408484        5224.3689240152453       -832.55022391335922       -2576.3370865145775        438.19056539956796     
   468.86049046806238       -2664.9781836082880       -832.55022391334865        5050.6040434534198       -804.91982227275844       -2490.9990896012450        423.70672473808264     
   453.23378515451702       -2576.3370865145762       -804.91982227276355        4883.3140769403908       -778.31674241159237       -2408.8279969768055        409.75924706868454     
   438.19056539956182       -2490.9990896012482       -778.31674241158044        4722.2320545927514       -752.69871886390035       -2329.6937636335697        396.32615337896931     
   423.70672473808770       -2408.8279969768209       -752.69871886389433        4567.1030646640302       -728.02539162709672       -2253.4721949697309        383.38645201061951     
   409.75924706867391       -2329.6937636335729       -728.02539162708172        4417.6836623290610       -704.25821218200747       -2180.0446605243824        370.92008934539172     
   396.32615337896664       -2253.4721949697423       -704.25821218200667        4273.7413090962336       -681.36035507906058       -2109.2978230010340        358.90790491343290     
   383.38645201061649       -2180.0446605243642       -681.36035507908832        4135.0538418329297       -659.29663459202732       -2041.1233820270436        347.33158792273372     
   370.92008934539967       -2109.2978230010567       -659.29663459203960        4001.4089700457348       -638.03342468416452       -1975.4178303994900        336.17363584803883     
   358.90790491344802       -2041.1233820270434       -638.03342468417043        3872.6037983791866       -617.53858492766858       -1912.0822237313964        325.41731715616299     
   347.33158792272206       -1975.4178303994993       -617.53858492766528        3748.4443763921181       -597.78138878649145       -1851.0219627012834        315.04663278931099     
   336.17363584803491       -1912.0822237313921       -597.78138878649395        3628.7452688196299       -578.73245506972523       -1792.1465846002714        305.04628166285454     
   325.41731715616368       -1851.0219627012816       -578.73245506972580        3513.3291491593777       -560.36368568314504       -1735.3695669611268        295.40162870056469     
   315.04663278930587       -1792.1465846002711       -560.36368568313844        3402.0264161096829       -542.64820323327615       -1680.6081423867806        286.09867163417465     
   305.04628166285198       -1735.3695669611354       -542.64820323326421        3294.6748254978070       -525.56029417299146       -1627.7831191060343        277.12401280806171     
   295.40162870057372       -1680.6081423867797       -525.56029417299283        3191.1191457070681       -509.07535415369824       -1576.8187157251273        268.46482992513597     
   286.09867163417380       -1627.7831191060436       -509.07535415368659        3091.2108269568062       -493.16983539321120       -1527.6423997035768        260.10884929451396     
   277.12401280805778       -1576.8187157251207       -493.16983539320677        2994.8076891850060       -477.82119756304206       -1480.1847368323899        252.04432038057601     
   268.46482992513268       -1527.6423997035693       -477.82119756304047        2901.7736250096123       -463.00786164729510       -1434.3792472301759        244.25999203521010     
   260.10884929451288       -1480.1847368323961       -463.00786164728390        2811.9783183863460       -448.70916436528995       -1390.1622687803699        236.74508856374396     
   252.04432038057797       -1434.3792472301652       -448.70916436529563        2725.2969764804016       -434.90531680826012       -1347.4728273580718        229.48928869978104     
   244.25999203519700       -1390.1622687803681       -434.90531680825950        2641.6100752029033       -421.57736361014020       -1306.2525134452596        222.48270429183063     
   236.74508856374965       -1347.4728273580690       -421.57736361014150        2560.8031177779726       -408.70714520564803       -1266.4453650082855        215.71586076012008     
   229.48928869977212       -1306.2525134452501       -408.70714520565991        2482.7664047230214       -396.27726110602816       -1227.9977559236295        209.17967817323031     
   222.48270429183236       -1266.4453650082837       -396.27726110603459        2407.3948151212890       -384.27103591225534       -1190.8582900694491        202.86545346598371     
   215.71586076013332       -1227.9977559236268       -384.27103591226381        2334.5875997649350       -372.67248605584308       -1154.9777003453537        196.76484339012237     
   209.17967817323154       -1190.8582900694400       -372.67248605584240        2264.2481827429215       -361.46628902070813       -1120.3087532724780        190.86984860614922     
   202.86545346598703       -1154.9777003453589       -361.46628902070228        2196.2839741011717       -350.63775326701818       -1086.8061575125987        185.17279778343365     
   196.76484339012146       -1120.3087532724817       -350.63775326701449        2130.6061908867305       -340.17278982997288       -1054.4264768571270        179.66633323632749     
   190.86984860615175       -1086.8061575126071       -340.17278982997811        2067.1296865485228       -330.05788624827977       -1023.1280479251616        174.34339727695200     
   185.17279778344087       -1054.4264768571261       -330.05788624828517        2005.7727900456637       -320.28008008770092       -992.87090157217074        169.19721837097788     
   179.66633323632885       -1023.1280479251706       -320.28008008769871        1946.4571508269432       -310.82693503194270       -963.61668771242194        164.22129890003364     
   174.34339727695223       -992.87090157216414       -310.82693503194065        1889.1075924293268       -301.68651765484782       -935.32860432346081        159.40940307714010     
   169.19721837098214       -963.61668771241841       -301.68651765485168        1833.6519728410012       -292.84737509721151       -907.97132939885728        154.75554527903017     
   164.22129890003032       -935.32860432345615       -292.84737509720344        1780.0210508288046       -284.29851432417985       -881.51095615886652        150.25397946934223     
   159.40940307714192       -907.97132939885705       -284.29851432417348        1728.1483599601722       -276.02938176617010       -855.91493173243248        145.89918832988886     
   154.75554527902409       -881.51095615885913       -276.02938176616988        1677.9700870008098       -268.02984454433766       -831.15199787255574        141.68587390254672     
   150.25397946934783       -855.91493173243146       -268.02984454434574        1629.4249573862010       -260.29017197132498       -807.19213567593488        137.60894764405381     
   145.89918832989105       -831.15199787255517       -260.29017197132691        1582.4541249798351       -252.80101835959664       -784.00651151682166        133.66352163940604     
   141.68587390254996       -807.19213567593692       -252.80101835959857        1537.0010677507526       -245.55340626129549       -761.56742652802620        129.84489998255214     
   137.60894764405361       -784.00651151682075       -245.55340626129822        1493.0114877717406       -238.53871109095314       -739.84826806545482        126.14857066442632     
   133.66352163941283       -761.56742652802723       -238.53871109095704        1450.4332164200034       -231.74864550007399       -718.82346327000539        122.57019747632258     
   129.84489998255060       -739.84826806545743       -231.74864550007035        1409.2161232039339       -225.17524562101579       -698.46843492040921        119.10561285383042     
   126.14857066442590       -718.82346327000732       -225.17524562101565        1369.3120295110757       -218.81085681795221       -678.75955939496305        115.75081059843984     
   122.57019747631801       -698.46843492040716       -218.81085681795346        1330.6746258533603       -212.64812107809641       -659.67412639090276        112.50193917641593     
   119.10561285382880       -678.75955939495634       -212.64812107810164        1293.2593931189845       -206.67996420882699       -641.19030050434594        109.35529501573330     
   115.75081059843845       -659.67412639090003       -206.67996420882972        1257.0235272743046       -200.89958405041281       -623.28708461468284        106.30731667642407     
   112.50193917641681       -641.19030050434583       -200.89958405041156        1221.9258674756968       -195.30043913135160       -605.94428499673757        103.35457858811905     
   109.35529501573392       -623.28708461468375       -195.30043913134904        1187.9268276808298       -189.87623778399737       -589.14247771534667        100.49378564855810     
   106.30731667642094       -605.94428499673643       -189.87623778399470        1154.9883309914392       -184.62092773506154       -572.86297692788696        97.721767596361417     
   103.35457858811549       -589.14247771535054       -184.62092773505714        1123.0737470925644       -179.52868614640329       -557.08780417364460        95.035474076178687     
   100.49378564855684       -572.86297692788980       -179.52868614640101        1092.1478325793237       -174.59391047551179       -541.79965940642637        92.431969668428835     
   97.721767596356273       -557.08780417363846       -174.59391047550957        1062.1766739720545       -169.81120895419278       -526.98189322754820        89.908429085738703     
   95.035474076178176       -541.79965940642819       -169.81120895419184        1033.1276329353479       -165.17539236287689       -512.61848012898577        87.462132728359094     
   92.431969668427470       -526.98189322754752       -165.17539236287575        1004.9692942015721       -160.68146538093328       -498.69399303594838        85.090462415537203     
   89.908429085740991       -512.61848012898588       -160.68146538093600        977.67141586879552       -156.32461928464912       -485.19357928447909        82.790897347095935     
   87.462132728358156       -498.69399303594713       -156.32461928464943        951.20488184623866       -152.10022361985355       -472.10293716080258        80.561009837097671     
   85.090462415541737       -485.19357928447914       -152.10022361985412        925.54165571873648       -148.00381957869541       -459.40829354500352        78.398462005879466     
   82.790897347095694       -472.10293716080497       -148.00381957869459        900.65473797998050       -144.03111297734361       -447.09638300571083        76.301001926067570     
   80.561009837097657       -459.40829354500278       -144.03111297734574        876.51812383259914       -140.17796747649098       -435.15442726975840        74.266460221297308     
   78.398462005877448       -447.09638300570975       -140.17796747649035        853.10676354331201       -136.44039838077202       -423.57011573887581        72.292746777633653     
   76.301001926069603       -435.15442726975732       -136.44039838077191        830.39652421882954       -132.81456666130680       -412.33158699510835        70.377847612401752     
   74.266460221295361       -423.57011573887598       -132.81456666130629        808.36415332608283       -129.29677291278455       -401.42741080512263        68.519821801525580     
   72.292746777633056       -412.33158699510778       -129.29677291278742        786.98724382677960       -125.88345225493210       -390.84657128788012        66.716798756281023     
   70.377847612403016       -401.42741080512366       -125.88345225493454        766.24420076373599       -122.57116864835571       -380.57845043093135        64.966975256705609     
   68.519821801525794       -390.84657128787808       -122.57116864835622        746.11420923188336       -119.35660991234585       -370.61281255941475        63.268612927804412     
   66.716798756280809       -380.57845043092931       -119.35660991234889        726.57720367325180       -116.23658296840024       -360.93978931755044        61.620035625244704     
   64.966975256704245       -370.61281255941520       -116.23658296840074        707.61383852106871       -113.20800908615767       -351.54986523066634        60.019627134355986     
   63.268612927806032       -360.93978931755026       -113.20800908615898        689.20546038037435       -110.26791955444639       -342.43386424311188        58.465828706760405     
   61.620035625244519       -351.54986523066708       -110.26791955444536        671.33408074338058       -107.41345122126116       -333.58293627707491        56.957136959719925     
   60.019627134356035       -342.43386424310989       -107.41345122125793        653.98235051226936       -104.64184262595498       -324.98854489691223        55.492101658056669     
   58.465828706760696       -333.58293627707491       -104.64184262595190        637.13353504163342       -101.95042982750179       -316.64245499811238        54.069323655789226     
   56.957136959717182       -324.98854489691280       -101.95042982749936        620.77149065012441       -99.336642888390372       -308.53672135867413        52.687453009365974     
   55.492101658057237       -316.64245499811057       -99.336642888392007        604.88064185383701       -96.798002161973855       -300.66367753123711        51.345187060887149     
   54.069323655787592       -308.53672135867288       -96.798002161971723        589.44595963502752       -94.332114782691150       -293.01592520526839        50.041268603853112     
   52.687453009366060       -300.66367753123802       -94.332114782690354        574.45294053836005       -91.936671507021202       -285.58632393204527        48.774484221520943     
   51.345187060887042       -293.01592520526992       -91.936671507021032        559.88758678270278       -89.609443450198029       -278.36798148026389        47.543662618169421     
   50.041268603853361       -285.58632393204476       -89.609443450197432        545.73638708434225       -87.348279043316410       -271.35424440619744        46.347672963474587     
   48.774484221521590       -278.36798148026452       -87.348279043316140        531.98629811047579       -85.151101108799281       -264.53868895607610        45.185423433293941     
   47.543662618169229       -271.35424440619664       -85.151101108800646        518.62472706964877       -83.015904140289862       -257.91511260285608        44.055859772757458     
   46.347672963474650       -264.53868895607536       -83.015904140290374        505.63951467524129       -80.940751512702292       -251.47752569670831        42.957963788985857     
   45.185423433295902       -257.91511260285574       -80.940751512701624        493.01891886499720       -78.923772937889765       -245.22014342446255        41.890752091593050     
   44.055859772758488       -251.47752569671059       -78.923772937888629        480.75159934698286       -76.963162076101540       -239.13737834540038        40.853274804093964     
   42.957963788985701       -245.22014342446434       -76.963162076099962        468.82660260842846       -75.057174033055333       -233.22383298545154        39.844614251361790     
   41.890752091592077       -239.13737834539867       -75.057174033056299        457.23334752636782       -73.204123162210365       -227.47429279153818        38.863883832798706     
   40.853274804093488       -233.22383298545148       -73.204123162210848        445.96161164116495       -71.402380874765640       -221.88371947490009        37.910226882504119     
   39.844614251362202       -227.47429279153698       -71.402380874766365        435.00151793999299       -69.650373529651887       -216.44724441638158        36.982815522708158     
   38.863883832798940       -221.88371947490094       -69.650373529651944        424.34352216513952       -67.946580395022693       -211.16016258055697        36.080849659176685     
   37.910226882503693       -216.44724441638209       -67.946580395021542        413.97840055634822       -66.289531719138324       -206.01792644621381        35.203555928597623     
   36.982815522707156       -211.16016258055748       -66.289531719137429        403.89723821783826       -64.677806912552214       -201.01614028201794        34.350186730357620     
   36.080849659176152       -206.01792644621295       -64.677806912553720        394.09141782488786       -63.110032709820430       -196.15055466279182        33.520019352807552     
   35.203555928596707       -201.01614028201809       -63.110032709821567        384.55260889333255       -61.584881489051824       -191.41706118630188        32.712354977631016     
   34.350186730359553       -196.15055466279244       -61.584881489051945        375.27275726820477       -60.101069613370818       -186.81168730523746        31.926517912149212     
   33.520019352807267       -191.41706118630157       -60.101069613369475        366.24407533758585       -58.657355820148155       -182.33059157165445        31.161854672652836     
   32.712354977629836       -186.81168730523848       -58.657355820147259        357.45903218935990       -57.252539739248235       -177.97005876739712        30.417733273156415     
   31.926517912148480       -182.33059157165428       -57.252539739247815        348.91034466995984       -55.885460401314198       -173.72649556001392        29.693542377979604     
   31.161854672653046       -177.97005876739757       -55.885460401315100        340.59096833570391       -54.554994833363189       -169.59642601688546        28.988690627017601     
   30.417733273155832       -173.72649556001460       -54.554994833363423        332.49408902623077       -53.260056732012607       -165.57648752228673        28.302605898362895     
   29.693542377980631       -169.59642601688498       -53.260056732012991        324.61311464737878       -51.999595127387465       -161.66342670053351        27.634734642151340     
   28.988690627017601       -165.57648752228604       -51.999595127388517        316.94166734758488       -50.772593159456584       -157.85409562575342        26.984541199328685     
   28.302605898363105       -161.66342670053339       -50.772593159457408        309.47357584105612       -49.578066821337231       -154.14544801032432        26.351507194942482     
   27.634734642152505       -157.85409562575381       -49.578066821337657        302.20286821768951       -48.415063898946201       -150.53453571935117        25.735130938580969     
   26.984541199327879       -154.14544801032429       -48.415063898944851        295.12376496274385       -47.282662767565839       -147.01850530166405        25.134926797819347     
   26.351507194942425       -150.53453571935134       -47.282662767564659        288.23067209211354       -46.179971354652736       -143.59459462793413        24.550424689550990     
   25.735130938580014       -147.01850530166419       -46.179971354652039        281.51817479801809       -45.106126128946229       -140.26012982883665        23.981169533664332     
   25.134926797818093       -143.59459462793447       -45.106126128946165        274.98103114103969       -44.060291068200726       -137.01252211681185        23.426720677961494     
   24.550424689551523       -140.26012982883609       -44.060291068201082        268.61416607175721       -43.041656746577871       -133.84926489722633        22.886651473374357     
   23.981169533664637       -137.01252211681253       -43.041656746577090        262.41266564245456       -42.049439367822472       -130.76793093356412        22.360548734914936     
   23.426720677961605       -133.84926489722710       -42.049439367822075        256.37177142155190       -41.082879913284536       -127.76616956591384        21.848012291011248     
   22.886651473373270       -130.76793093356414       -41.082879913284089        250.48687518390693       -40.141243297419493       -124.84170413234457        21.348654567445706     
   22.360548734914747       -127.76616956591413       -40.141243297418086        244.75351372084339       -39.223817535988090       -121.99232940645327        20.862100138462452     
   21.848012291010050       -124.84170413234509       -39.223817535987266        239.16736391254130       -38.329912941002341       -119.21590919927142        20.387985294609315     
   21.348654567444335       -121.99232940645295       -38.329912941001830        233.72423788174638       -37.458861376078289       -116.51037395674750        19.925957654877006     
   20.862100138462587       -119.21590919927161       -37.458861376078069        228.42007845754665       -36.610015523979044       -113.87371851335109        19.475675800433418     
   20.387985294609290       -116.51037395674706       -36.610015523979342        223.25095468845532       -35.782748183707653       -111.30399994407431        19.036808881889865     
   19.925957654876825       -113.87371851335074       -35.782748183708009        218.21305760060596       -34.976451573984079       -108.79933541612355        18.609036283913206     
   19.475675800434058       -111.30399994407485       -34.976451573984050        213.30269608284044       -34.190536723399674       -106.35790021272064        18.192047260012366     
   19.036808881889606       -108.79933541612307       -34.190536723399134        208.51629289432265       -33.424432754576415       -103.97792574124493        17.785540603587176     
   18.609036283912598       -106.35790021272074       -33.424432754576038        203.85038085146383       -32.677586371046750       -101.65769768068370        17.389224353308162     
   18.192047260011837       -103.97792574124453       -32.677586371046672        199.30159916247325       -31.949461206664846       -99.395554166503544        17.002815460386465     
   17.785540603587371       -101.65769768068387       -31.949461206664594        194.86668985757566       -31.239537293514648       -97.189884034754812        16.626039497029069     
   17.389224353308009       -99.395554166503516       -31.239537293514108        190.54249437076535       -30.547310499408191       -95.039125141312056        16.258630379810633     
   17.002815460386323       -97.189884034754783       -30.547310499408386        186.32595024837980       -29.872292005894746       -92.941762760265959        15.900330079819630     
   16.626039497028820       -95.039125141311558       -29.872292005894959        182.21408794185766       -29.214007808356783       -90.896327975948367        15.550888376205243     
   16.258630379811343       -92.941762760266684       -29.214007808356772        178.20402778052545       -28.571998231567267       -88.901396225253762        15.210062581618486     
   15.900330079819419       -90.896327975948410       -28.571998231566756        174.29297698474059       -27.945817442082294       -86.955585800519913        14.877617303280957     
   15.550888376204636       -88.901396225253890       -27.945817442081847        170.47822681799894       -27.335033007320618       -85.057556471922680        14.553324196264057     
   15.210062581618114       -86.955585800520097       -27.335033007320284        166.75714984337597       -26.739225455513505       -83.206008109023699        14.236961757107114     
   14.877617303280775       -85.057556471922396       -26.739225455513544        163.12719725903685       -26.157987855304945       -81.399679413466217        13.928315073446504     
   14.553324196263745       -83.206008109023614       -26.157987855304572        159.58589634762973       -25.590925394333258       -79.637346611806336        13.627175622386059     
   14.236961757106876       -81.399679413466629       -25.590925394332714        156.13084798888650       -25.037655005574713       -77.917822275329257        13.333341060105075     
   13.928315073446592       -79.637346611806791       -25.037655005574639        152.75972430150671       -24.497804975413420       -76.239954125552003        13.046615036486337     
   13.627175622385524       -77.917822275329272       -24.497804975413398        149.47026632500899       -23.971014579512435       -74.602623916676905        12.766806980250561     
   13.333341060105484       -76.239954125552103       -23.971014579512708        146.26028178716669       -23.456933729671615       -73.004746328950716        12.493731935340112     
   13.046615036486273       -74.602623916676691       -23.456933729671466        143.12764300683557       -22.955222641539873       -71.445267930563432        12.227210363402994     
   12.766806980250989       -73.004746328950802       -22.955222641540356        140.07028476076690       -22.465551479390850       -69.923166131405083        11.967067976069435     
   12.493731935339961       -71.445267930563233       -22.465551479391262        137.08620235109092       -21.987600078491727       -68.437448229706774        11.713135577312565     
   12.227210363402669       -69.923166131405225       -21.987600078491656        134.17344962426489       -21.521057590417637       -66.987150443793197        11.465248892234062     
   11.967067976069480       -68.437448229706604       -21.521057590417172        131.33013715338686       -21.065622235856122       -65.571337006094154        11.223248410634014     
   11.713135577312313       -66.987150443793340       -21.065622235855720        128.55443040470729       -20.621000973176734       -64.189099262245207        10.986979241524313     
   11.465248892233410       -65.571337006093685       -20.621000973176294        125.84454801521645       -20.186909251100996       -62.839554833677262        10.756290963877039     
   11.223248410634346       -64.189099262244795       -20.186909251101159        123.19876012594113       -19.763070727978793       -61.521846778628799        10.531037487095494     
   10.986979241524272       -62.839554833677198       -19.763070727978491        120.61538674394004       -19.349217031963139       -60.235142798074278        10.311076925020561     
   10.756290963877044       -61.521846778628728       -19.349217031962898        118.09279620371218       -18.945087483009267       -58.978634471210597        10.096271441948218     
   10.531037487095135       -60.235142798074143       -18.945087483009257        115.62940361933221       -18.550428875610081       -57.751536496680785        9.8864871502303338     
   10.311076925020977       -58.978634471210746       -18.550428875610347        113.22366945754256       -18.164995234635292       -56.553085984117956        9.6815939731655902     
   10.096271441948083       -57.751536496681211       -18.164995234635210        110.87409810271728       -17.788547596043120       -55.382541752955056        9.4814655314114251     
   9.8864871502307583       -56.553085984118120       -17.788547596043539        108.57923651105456       -17.420853788942573       -54.239183664306793        9.2859790343852087     
   9.6815939731655440       -55.382541752955106       -17.420853788942829        106.33767288029813       -17.061688213702563       -53.122311969768802        9.0950151490673932     
   9.4814655314115299       -54.239183664306736       -17.061688213702084        104.14803537712795       -16.710831664473353       -52.031246673607995        8.9084579264843722     
   9.2859790343852424       -53.122311969768845       -16.710831664473002        102.00899091853368       -16.368071110818036       -50.965326946038076        8.7261946654286611     
   9.0950151490671320       -52.031246673608173       -16.368071110817702        99.919243959601943       -16.033199504320457       -49.923910515870475        8.5481158301001070     
   8.9084579264844468       -50.965326946038203       -16.033199504320418        97.877535358138061       -15.706015625384653       -48.906373114651267        8.3741149579457588     
   8.7261946654281033       -49.923910515870610       -15.706015625384465        95.882641269007536       -15.386323871434039       -47.912107923443223        8.2040885417021681     
   8.5481158301004374       -48.906373114651096       -15.386323871434383        93.933372036405075       -15.073934105999768       -46.940525032530921        8.0379359787998830     
   8.3741149579454675       -47.912107923443358       -15.073934105999911        92.028571194602335       -14.768661490585451       -45.991050965573621        7.8755594474390200     
   8.2040885417024381       -46.940525032530736       -14.768661490585814        90.167114435648870       -14.470326310122902       -45.063128130518628        7.7168638320306089     
   8.0379359787997853       -45.991050965573557       -14.470326310122926        88.347908624233114       -14.178753834122455       -44.156214370784262        7.5617566577564501     
   7.8755594474391248       -45.063128130518557       -14.178753834122602        86.569890897994995       -13.893774163596783       -43.269782501671550        7.4101479910396293     
   7.7168638320306391       -44.156214370784113       -13.893774163597158        84.832027725091848       -13.615222084503488       -42.403319849425706        7.2619503735683484     
   7.5617566577566384       -43.269782501671543       -13.615222084503719        83.133314018317165       -13.342936912812712       -41.556327816186204        7.1170787454492697     
   7.4101479910397332       -42.403319849425863       -13.342936912812759        81.472772309097735       -13.076762389299441       -40.728321472608179        6.9754503776678893     
   7.2619503735683999       -41.556327816186339       -13.076762389299578        79.849451898678595       -12.816546516306225       -39.918829137999651        6.8369847927255032     
   7.1170787454490290       -40.728321472607959       -12.816546516306330        78.262428071853066       -12.562141450704397       -39.127391986189707        6.7016037082992224     
   6.9754503776681105       -39.918829137999822       -12.562141450704605        76.710801324341219       -12.313403376592978       -38.353563672901934        6.5692309678270062     
   6.8369847927258931       -39.127391986189615       -12.313403376593277        75.193696605843755       -12.070192376660932       -37.596909958036271        6.4397924780722269     
   6.7016037082991842       -38.353563672901949       -12.070192376660797        73.710262605678039       -11.832372329368091       -36.857008355588860        6.3132161477670294     
   6.5692309678270657       -37.596909958036619       -11.832372329368003        72.259671047988547       -11.599810795198275       -36.133447780893583        6.1894318317673269     
   6.4397924780718663       -36.857008355588505       -11.599810795198316        70.841116022786196       -11.372378892166228       -35.425828220259241        6.0683712618135273     
   6.3132161477669220       -36.133447780893839       -11.372378892166331        69.453813300455664       -11.149951219185180       -34.733760401242087        5.9499680162095778     
   6.1894318317675854       -35.425828220259177       -11.149951219185457        68.096999738816791       -10.932405728716681       -34.056865487736459        5.8341574372711698     
   6.0683712618134917       -34.733760401241973       -10.932405728716557        66.769932627451468       -10.719623644861628       -33.394774764418507        5.7208766013432912     
   5.9499680162094739       -34.056865487736417       -10.719623644861466        65.471889118614286       -10.511489359443042       -32.747129352648500        5.6100642587926339     
   5.8341574372708642       -33.394774764418237       -10.511489359442926        64.202165635542670       -10.307890346718233       -32.113579919656765        5.5016607862434004     
   5.7208766013432335       -32.747129352648479       -10.307890346718425        62.960077322132022       -10.108717065562313       -31.493786401588931        5.3956081381124212     
   5.6100642587923959       -32.113579919656793       -10.108717065562253        61.744957484830643       -9.9138628813674892       -30.887417734666432        5.2918498121655180     
   5.5016607862435940       -31.493786401589002       -9.9138628813676046        60.556157094059166       -9.7232239833116569       -30.294151605141582        5.1903307899542366     
   5.3956081381123537       -30.887417734666538       -9.7232239833116108        59.393044253822310       -9.5366992868206193       -29.713674187590726        5.0909974988875550     
   5.2918498121656432       -30.294151605141462       -9.5366992868205482        58.255003712102479       -9.3541903792099816       -29.145679902910498        4.9937977782665479     
   5.1903307899540794       -29.713674187590698       -9.3541903792098395        57.141436392532682       -9.1756014224109528       -28.589871187336332        4.8986808305600222     
   5.0909974988873650       -29.145679902910295       -9.1756014224110256        56.051758926843128       -9.0008390945302281       -28.045958260902182        4.8055971852944142     
   4.9937977782665133       -28.589871187336506       -9.0008390945304271        54.985403208446002       -8.8298125082767509       -27.513658903776268        4.7144986625710734     
   4.8986808305601617       -28.045958260902147       -8.8298125082768308        53.941815949868783       -8.6624331469093896       -26.992698248166217        4.6253383346987054     
   4.8055971852944479       -27.513658903776356       -8.6624331469093434        52.920458273908054       -8.4986147926332549       -26.482808556804471        4.5380704906951053     
   4.7144986625708984       -26.992698248166008       -8.4986147926331927        51.920805297789030       -8.3382734703304759       -25.983729040803347        4.4526506058030320     
   4.6253383346989052       -26.482808556804336       -8.3382734703306607        50.942345737770353       -8.1813273694472652       -25.495205646602859        4.3690353011865835     
   4.5380704906950671       -25.983729040803180       -8.1813273694473985        49.984581532311765       -8.0276967993692629       -25.016990874262511        4.2871823140453396     
   4.4526506058031785       -25.495205646602955       -8.0276967993693464        49.047027456002816       -7.8773041154515910       -24.548843589269229        4.2070504736663956     
   4.3690353011866403       -25.016990874262405       -7.8773041154516905        48.129210776598839       -7.7300736777698846       -24.090528853025436        4.1285996631227944     
   4.2871823140453298       -24.548843589269286       -7.7300736777698908        47.230670895905078       -7.5859317751062250       -23.641817741471787        4.0517907865516731     
   4.2070504736665351       -24.090528853025425       -7.5859317751063573        46.350959006551172       -7.4448065875263252       -23.202487175405228        3.9765857509671050     
   4.1285996631226860       -23.641817741471730       -7.4448065875263918        45.489637771576106       -7.3066281288347783       -22.772319767249645        3.9029474330976548     
   4.0517907865517984       -23.202487175405420       -7.3066281288348600        44.646281005804134       -7.1713281933102513       -22.351103656982115        3.8308396500688064     
   3.9765857509672173       -22.772319767249719       -7.1713281933103445        43.820473357672192       -7.0388403044981294       -21.938632360847148        3.7602271379578127     
   3.9029474330975744       -22.351103656982172       -7.0388403044979952        43.011810016581983       -6.9090996749965079       -21.534704620388318        3.6910755233507144     
   3.8308396500687900       -21.938632360846981       -6.9090996749964475        42.219896419835912       -6.7820431567541446       -21.139124260821600        3.6233513034416291     
   3.7602271379577505       -21.534704620388432       -6.7820431567540354        41.444347973042269       -6.6576091890498983       -20.751700056080587        3.5570218133418798     
   3.6910755233506207       -21.139124260821525       -6.6576091890497562        40.684789767550797       -6.5357377639455363       -20.372245578812464        3.4920552116339936     
   3.6233513034417060       -20.751700056080683       -6.5357377639456296        39.940856327198361       -6.4163703827483287       -20.000579086828150        3.4284204542182755     
   3.5570218133418767       -20.372245578812311       -6.4163703827486271        39.212191338653042       -6.2994500072630437       -19.636523378889461        3.3660872748964557     
   3.4920552116340917       -20.000579086828267       -6.2994500072632009        38.498447408595261       -6.1849210298850670       -19.279905688188258        3.3050261586727152     
   3.4284204542185095       -19.636523378889517       -6.1849210298851762        37.799285817089860       -6.0727292261152384       -18.930557541402862        3.2452083271322509     
   3.3660872748964605       -19.279905688188418       -6.0727292261151318        37.114376285990275       -5.9628217229741578       -18.588314662059474        3.1866057154140068     
   3.3050261586726766       -18.930557541402944       -5.9628217229740503        36.443396741031655       -5.8551469608415312       -18.253016841046463        3.1291909572961383     
   3.2452083271322532       -18.588314662059378       -5.8551469608415969        35.786033105336081       -5.7496546570501632       -17.924507841190703        3.0729373594414291     
   3.1866057154139105       -18.253016841046577       -5.7496546570501632        35.141979065020543       -5.6462957679219734       -17.602635276925827        3.0178188854862413     
   3.1291909572961378       -17.924507841190742       -5.6462957679219672        34.510935873437276       -5.5450224648187447       -17.287250518236512        2.9638101453375669     
   3.0729373594414962       -17.602635276925817       -5.5450224648188637        33.892612143961259       -5.4457880944496813       -16.978208590897861        2.9108863682829469     
   3.0178188854861836       -17.287250518236533       -5.4457880944496981        33.286723653002468       -5.3485471462834973       -16.675368073340671        2.8590233885597991     
   2.9638101453377566       -16.978208590897907       -5.3485471462835319        32.692993143165843       -5.2532552277641456       -16.378591004488861        2.8081976374265634     
   2.9108863682829367       -16.675368073340685       -5.2532552277641491        32.111150147664397       -5.1598690297964209       -16.087742796364907        2.7583861160383263     
   2.8590233885598177       -16.378591004488793       -5.1598690297964902        31.540930797882584       -5.0683462991382422       -15.802692135723577        2.7095663856242460     
   2.8081976374265882       -16.087742796364960       -5.0683462991381978        30.982077658429528       -4.9786458121172306       -15.523310900958347        2.6617165531238234     
   2.7583861160382761       -15.802692135723644       -4.9786458121172270        30.434339549020841       -4.8907273447990036       -15.249474081274375        2.6148152572927206     
   2.7095663856241572       -15.523310900958407       -4.8907273447989841        29.897471381534309       -4.8045516497571361       -14.981059688141540        2.5688416507682144     
   2.6617165531237514       -15.249474081274304       -4.8045516497572107        29.371234003674996       -4.7200804268527943       -14.717948681263483        2.5237753902719864     
   2.6148152572927286       -14.981059688141446       -4.7200804268528902        28.855394032385128       -4.6372762977256912       -14.460024887854210        2.4795966229777999     
   2.5688416507684346       -14.717948681263520       -4.6372762977258235        28.349723711089769       -4.5561027886345773       -14.207174928896954        2.4362859719321075     
   2.5237753902719957       -14.460024887854283       -4.5561027886344592        27.854000760057843       -4.4765242966331869       -13.959288144509344        2.3938245230997017     
   2.4795966229778070       -14.207174928896968       -4.4765242966331931        27.368008228674601       -4.3985060743204798       -13.716256523267013        2.3521938169464756     
   2.4362859719319276       -13.959288144509291       -4.3985060743204976        26.891534362420771       -4.3220142064485696       -13.477974634740983        2.3113758345855064     
   2.3938245230997737       -13.716256523266976       -4.3220142064486442        26.424372467277994       -4.2470155854080893       -13.244339563209804        2.2713529838427320     
   2.3521938169464205       -13.477974634741042       -4.2470155854080192        25.966320768687901       -4.1734778904647607       -13.015250835904947        2.2321080924050847     
   2.3113758345855344       -13.244339563209774       -4.1734778904648566        25.517182297498284       -4.1013695719470453       -12.790610370113418        2.1936243953668337     
   2.2713529838426600       -13.015250835904896       -4.1013695719471261        25.076764756785771       -4.0306598259912754       -12.570322402072392        2.1558855223403790     
   2.2321080924051380       -12.790610370113466       -4.0306598259913411        24.644880401378693       -3.9613185760472716       -12.354293431414133        2.1188754905554519     
   2.1936243953669075       -12.570322402072378       -3.9613185760474194        24.221345924218323       -3.8933164586445304       -12.142432163238301        2.0825786938539115     
   2.1558855223404101       -12.354293431414083       -3.8933164586446951        23.805982341163968       -3.8266248014335291       -11.934649449871337        2.0469798929853340     
   2.1188754905555731       -12.142432163238354       -3.8266248014335860        23.398614879599620       -3.7612156022575358       -11.730858238345071        2.0120642050640694     
   2.0825786938539941       -11.934649449871369       -3.7612156022576104        22.999072865335737       -3.6970615203255619       -11.530973512451613        1.9778170972437388     
   2.0469798929853500       -11.730858238344990       -3.6970615203255170        22.607189630761177       -3.6341358528684657       -11.334912246566708        1.9442243748607055     
   2.0120642050640618       -11.530973512451711       -3.6341358528683934        22.222802399641754       -3.5724125190339300       -11.142593351001571        1.9112721731657218     
   1.9778170972436875       -11.334912246566619       -3.5724125190339504        21.845752191819091       -3.5118660478300416       -10.953937621535484        1.8789469523838862     
   1.9442243748606864       -11.142593351001642       -3.5118660478300199        21.475883733431793       -3.4524715606525818       -10.768867698345099        1.8472354843980447     
   1.9112721731657056       -10.953937621535525       -3.4524715606525311        21.113045352814673       -3.3942047551258008       -10.587308009659026        1.8161248493820292     
   1.8789469523838840       -10.768867698345113       -3.3942047551258958        20.757088897919317       -3.3370418928975263       -10.409184737878144        1.7856024252601468     
   1.8472354843980132       -10.587308009659022       -3.3370418928975791        20.407869642346846       -3.2809597813110654       -10.234425764553588        1.7556558794512878     
   1.8161248493821096       -10.409184737878180       -3.2809597813110596        20.065246197573465       -3.2259357655671606       -10.062960633802764        1.7262731665699413     
   1.7856024252601259       -10.234425764553643       -3.2259357655671588        19.729080437025679       -3.1719477114635364       -9.8947205116927996        1.6974425153305046     
   1.7556558794512818       -10.062960633802703       -3.1719477114636523        19.399237408027332       -3.1189739920501816       -9.7296381408088415        1.6691524244503544     
   1.7262731665699493       -9.8947205116927854       -3.1189739920502531        19.075585251445464       -3.0669934767470131       -9.5676478040115374        1.6413916571219052     
   1.6974425153305643       -9.7296381408088433       -3.0669934767470663        18.757995128409892       -3.0159855171186405       -9.4086852866629656        1.6141492328360592     
   1.6691524244503788       -9.5676478040114823       -3.0159855171187528        18.446341141980394       -2.9659299368145144       -9.2526878386408047        1.5874144215337054     
   1.6413916571219040       -9.4086852866629656       -2.9659299368144718        18.140500267078274       -2.9168070174323106       -9.0995941370512767        1.5611767376726189     
   1.6141492328361291       -9.2526878386408242       -2.9168070174322343        17.840352273472501       -2.8685974873314204       -8.9493442533563208        1.5354259368800327     
   1.5874144215336268       -9.0995941370512927       -2.8685974873313289        17.545779661106312       -2.8212825099261556       -8.8018796207714907        1.5101520096429182     
   1.5611767376726460       -8.9493442533563492       -2.8212825099261982        17.256667587430833       -2.7748436710658693       -8.6571430005428223        1.4853451815382601     
   1.5354259368800263       -8.8018796207714676       -2.7748436710658684        16.972903802553592       -2.7292629652605673       -8.5150784577816605        1.4609959116005025     
   1.5101520096429588       -8.6571430005428738       -2.7292629652605203        16.694378578446464       -2.6845227774770470       -8.3756313353137770        1.4370948992639971     
   1.4853451815382619       -8.5150784577816321       -2.6845227774770661        16.420984637349214       -2.6406058634321230       -8.2387482388105600        1.4136331020124067     
   1.4609959116005005       -8.3756313353137841       -2.6406058634321066        16.152617078120919       -2.5974953180503046       -8.1043770394210881        1.3906017693759372     
   1.4370948992640227       -8.2387482388105227       -2.5974953180502962        15.889173285497582       -2.5551745249514064       -7.9724668945717827        1.3679925127252508     
   1.4136331020123716       -8.1043770394210757       -2.5551745249514153        15.630552819692124       -2.5136270729113104       -7.8429683259274752        1.3457974419108498     
   1.3906017693759467       -7.9724668945717880       -2.5136270729113641        15.376657256239723       -2.4728366083295605       -7.7158333799785384        1.3240094227089978     
   1.3679925127252766       -7.8429683259274654       -2.4728366083296009        15.127389944408549       -2.4327865638863182       -7.5910159641887240        1.3026225800532059     
   1.3457974419108663       -7.7158333799785419       -2.4327865638863613        14.882655592329444       -2.3934596545022830       -7.4684725129475114        1.2816332839034428     
   1.3240094227090278       -7.5910159641887525       -2.3934596545023039        14.642359530965445       -2.3548369109538911       -7.3481633338328400        1.2610421661691642     
   1.3026225800532945       -7.4684725129475193       -2.3548369109539506        14.406406323277302       -2.3168957562133774       -7.2300553999120893        1.2408584723887390     
   1.2816332839034352       -7.3481633338328027       -2.3168957562133459        14.174696987081349       -2.2796059906910084       -7.1141285037264881        1.2211102168511163     
   1.2610421661691829       -7.2300553999121417       -2.2796059906909529        13.947123076478288       -2.2429207741112149       -7.0003899616116882        1.2018701749159897     
   1.2408584723886737       -7.1141285037263859       -2.2429207741112243        13.723552899773351       -2.2067543741450097       -6.8889134415013062        1.1833303614791835     
   1.2211102168510954       -7.0003899616117007       -2.2067543741450515        13.503795895636999       -2.1709208915420577       -6.7799546333489440        1.1660548574894374     
   1.2018701749159961       -6.8889134415012556       -2.1709208915420777        13.287498874498750       -2.1349421133412165       -6.6743617552443251        1.1521438873549208     
   1.1833303614791824       -6.7799546333489662       -2.1349421133411819        13.073797757327585       -2.0973232522790322       -6.5755552596954141        1.1531900268020223     
   1.1660548574894323       -6.6743617552443322       -2.0973232522790366        12.859861655139419       -2.0517608885497571       -6.5040584410465936        1.3078134200619935     
   1.1521438873548739       -6.5755552596954461       -2.0517608885497474        12.631697221290345       -1.9545174677603816       -6.7426635999673055     
   1.1531900268020325       -6.5040584410465865       -1.9545174677603936        12.258914311338449       -1.0116342408286361     
   1.3078134200619824       -6.7426635999673064       -1.0116342408286343        7.2543693142281027     
